1000 1000
50910 39126 14085 61020 75173 92581 42558 31807 84782 58382 34853 57569 73762 74910 45095 32560 90501 59701 65666 75360 36047 44194 6392 23882 16166 2609 56114 86534 65071 96175 17287 62563 70137 5604 61644 71029 18553 42708 48467 28948 78340 4214 60739 66075 78825 37841 92503 76035 1826 42024 95662 50659 29828 90176 8209 33208 37367 22022 54533 46874 55702 5689 79568 1700 65117 88312 21596 25983 6110 35317 68782 21748 96550 69629 25435 39682 65514 61261 29378 37020 69181 12079 13530 58027 80328 71429 73059 36608 25598 68250 8883 83294 51430 53269 58793 14542 7884 74712 56709 99837 85732 57148 67802 46722 20165 64647 17637 25488 27738 31629 4922 32044 27285 9625 52907 3389 1436 54030 86011 42194 71686 3925 5484 32313 95783 57103 91596 38192 24369 39870 14774 37034 87942 84283 42574 27788 67566 3403 98128 47386 20037 61065 29482 54301 29104 66919 86824 56964 51206 73463 24767 51129 10101 65134 5582 37589 18248 62343 95842 94432 14003 16512 15991 60306 46253 72325 80558 2283 58331 68271 46269 37847 47551 27967 51194 6191 13857 66652 98698 12433 77702 87088 42580 96486 10848 87653 26994 50368 23566 54891 16534 62280 18425 696 21307 11312 43388 4232 12872 19190 28714 59979 56387 26322 86678 53040 7815 7388 19883 14992 60468 91186 11834 17606 87601 5397 47046 57602 27046 31344 30819 56531 44755 88026 18744 11718 88509 1250 38231 42910 87707 52522 45292 30002 7979 7596 72111 8467 14460 32725 37757 30732 16398 73051 105 79258 83992 71189 34506 55164 72768 48201 48576 82062 17072 54639 4354 78991 37922 45856 41087 90470 430 45946 66369 99464 379 84751 38552 10470 49613 94321 24073 79955 42682 58290 13712 96132 78162 97724 69998 26047 52307 83218 88916 9254 25123 26914 94672 46958 56016 63028 37132 85653 72459 71391 21411 50762 3501 34126 95514 4078 81970 88141 21149 25254 47909 24117 13213 17875 93644 79258 13290 35448 15893 9645 47331 7442 33403 47336 17051 33039 53837 12159 81405 34076 68081 72576 15647 87324 70114 15853 43226 37604 83622 99884 86238 40424 57607 30798 701 12264 14843 81175 13228 57795 50889 47024 88354 23631 17341 50779 45 54441 27480 31454 560 54684 16992 10991 22891 70271 34954 55220 22039 51135 40052 8509 3123 15992 74574 51601 34880 74504 7020 83638 88441 71250 93626 24640 40675 40816 78308 71749 86744 44330 2970 87239 19040 40385 37340 26209 55964 27782 65207 5893 55407 8606 20179 22302 87303 6205 72073 29147 8222 58848 75797 24880 52523 74625 94154 56888 93210 70097 47858 9778 28336 11755 57582 5600 70114 40823 91921 4094 27293 88500 4670 20471 84387 68855 12925 93575 6653 53973 95845 61931 80643 50375 43746 86757 23912 84269 86226 53045 56182 86255 89170 13622 11443 5702 28310 19953 86050 84405 17817 92527 86681 76510 39578 47813 66860 55155 92509 34497 37181 53867 24120 69928 69355 86614 72055 12009 311 76067 79155 92962 18877 68123 99469 78225 87013 78724 13255 59512 85884 32281 82171 72250 62836 3860 48714 38831 98685 61000 48952 84920 97011 37252 70582 73750 76873 85492 44384 26041 22175 5200 49138 6866 76798 12691 64334 48817 98875 55230 86939 23226 13726 86154 81008 9546 30346 75211 50291 17799 66385 89080 93430 13032 63977 68902 99084 30373 82199 68841 65212 43941 41327 79262 82788 54559 85012 35051 44281 88616 63031 23128 30838 13384 95524 93422 6912 90551 67603 93215 18836 48367 5311 18389 19289 85071 21920 89844 89901 52351 97563 23439 73159 32640 66667 85724 23939 63688 65553 87635 686 61682 20416 36266 45899 88696 66182 83684 57509 29465 8767 55951 97849 61915 51945 41756 6197 83606 56279 54583 91385 11567 42901 58118 60796 1896 14634 4981 93545 46226 47859 41984 31236 91799 71859 91087 88259 73672 62403 95615 77148 91119 44715 87238 30613 4280 24202 16602 85638 58823 26520 88758 61459 56173 83801 1867 45637 85069 16388 35280 46721 71354 40731 88361 9370 45350 26978 6148 15479 73191 16847 67776 1317 78636 63709 67556 55107 52388 92310 65477 8403 24698 24045 45755 30000 43134 91485 54355 96614 64002 15330 51893 9600 47064 66803 49226 13436 25684 33706 11749 90756 15866 48259 22926 24906 10800 8571 55345 84581 85805 58785 95733 57248 58638 93668 5292 54344 6756 12310 39206 66519 51456 49338 95890 43559 48205 45767 8271 43661 79389 24304 15871 3534 58247 51358 65547 42120 4321 26819 37618 41428 92134 37625 19884 41915 79294 61825 47277 29673 70043 98841 4516 80692 61722 20410 27261 43276 31552 91782 62372 73153 29050 40914 21320 25806 60758 63217 43361 62394 82109 58579 60718 35346 57194 94329 38460 10397 85367 51596 61077 12916 80035 42218 50170 74216 73898 80306 69519 16949 30559 7518 21104 91247 54557 66746 58215 88746 79890 35744 79612 30810 38085 22933 68193 31122 91425 54688 96533 10865 76446 50538 71789 8280 48267 61051 90992 82925 17677 22051 45126 91698 77058 16823 18315 39886 54519 20248 21012 59530 35157 80851 30409 80380 25714 38889 25070 77080 77867 6446 98324 40513 25140 80099 58634 3374 23711 20769 43652 81611 87269 21138 42701 5179 13181 31899 5411 45538 28249 10953 22905 60533 57033 22549 12386 72910 68705 6648 79436 86123 31070 85781 13372 54322 20417 31131 88067 40220 22390 59056 16757 76270 48338 96718 52404 2955 80672 63896 40752 56780 56606 95096 78776 20935 74645 18836 25223 29992 39238 97518 88083 57807 66292 19170 89061 77010 92059 25865 20821 69393 22107 30460 65354 97629 15558 12379 39668 82332 23228 91854 2137 65384 94242 82188 87616 53105 30317 72419 83585 30374 81318 56597 94117 10223 35160 32964 73618 38938 34866 30942 19853 80914 26779 24921 1160 86529 93292 11865 53746 67231 39648 63999 9306 24315 60937 42362 66159 9442 57155 71373 40648 12562 99701 59098 83507 3198 18536 34742 43796 16678 57809 98102 95948 61311 39636 15250 91301 64888 62892 45978 48856 16308 30249 46977 92035 33357 35048 75256 69081 12093 13565 1204 84400 93542 45449 49045 59009 58646 50777 19736 23381 31493 23519 85018 88500 43560 27130 94519 59390 99065 18827 88507 71880 31962 96575 56139 48745 49492 21100 33865 75109 48003 51838 70068 92072 56730 90082 
5
1 723 30272
4 29551
5
5
1 158 78521
4 58301
5
5
4 93227
1 668 61112
4 59524
5
1 243 2995
4 17468
4 23899
4 23894
5
5
1 247 69558
1 177 84454
4 52600
5
4 7377
4 73830
4 34032
5
5
4 17710
1 237 97069
4 85088
4 12095
4 22012
4 36407
4 71232
5
4 81152
1 56 31348
1 475 56101
1 105 67842
4 5337
5
5
4 17204
1 227 2604
5
1 74 66912
5
5
4 70454
5
4 38149
5
1 332 51417
5
5
1 528 81553
1 846 25227
1 679 88819
5
1 641 39231
4 61663
4 17952
5
4 42041
1 253 20005
1 972 48774
5
1 980 47810
1 631 57412
1 729 98483
1 378 80492
5
1 800 95119
5
4 85947
1 350 83274
1 620 84134
4 32238
4 77109
5
4 26565
5
4 36921
4 76482
5
5
4 82066
4 48379
5
5
4 20736
4 65151
5
1 272 18910
5
4 97042
1 738 51560
5
4 84418
1 428 43062
1 429 85272
1 350 80518
1 536 32443
4 17930
5
5
4 49614
5
1 11 8368
5
5
5
5
5
1 327 32357
1 1020 44736
4 26708
5
4 52076
5
1 636 85006
4 90838
1 867 22904
4 29551
4 70147
5
5
5
5
1 379 99469
4 83779
4 60043
5
1 37 65234
1 116 52614
1 335 93822
1 271 44015
5
1 523 31724
1 504 57981
1 74 9176
5
1 976 43198
5
1 337 96403
4 97240
4 76138
5
5
1 235 55420
1 944 8330
5
5
4 86645
1 292 59127
5
5
1 286 32647
1 502 21504
1 544 81794
4 12448
1 481 543
5
4 48845
4 15139
1 1052 40868
1 129 92055
5
5
4 10336
5
5
5
5
5
4 32143
4 43830
4 81029
1 894 63635
1 151 7228
1 206 62078
4 25813
5
5
5
5
5
1 417 45478
5
1 264 91556
5
1 619 34045
1 915 2389
1 562 65717
1 536 53869
5
5
5
4 44382
1 258 60894
5
1 633 69890
5
5
4 65276
5
5
5
4 22182
1 459 84933
4 41235
1 191 61760
1 912 51789
1 797 40563
4 70309
5
5
4 87669
5
5
5
5
1 220 57574
5
1 284 62974
4 18187
5
4 94726
1 561 18361
1 174 12994
5
5
4 44285
1 646 89992
4 38752
1 505 74305
5
1 1074 51555
4 55747
5
1 536 29280
4 60518
5
5
1 935 9343
1 446 89012
1 1049 89719
4 17227
4 24182
4 10606
4 46726
1 856 95644
4 98599
1 15 38005
5
5
1 454 57417
4 22418
4 40922
4 7325
5
1 905 29573
1 81 47746
4 18666
4 97725
5
5
1 396 60256
1 45 72367
1 251 19039
1 1061 843
1 184 31746
4 62801
5
5
5
4 23837
5
4 63800
1 50 90853
5
4 27855
5
4 78707
5
4 97444
5
5
1 372 22718
1 598 23329
4 2477
4 18249
4 79943
4 70405
4 94295
4 18594
1 462 76645
4 91996
4 9917
1 760 87996
5
1 416 38960
4 86560
4 4657
5
5
4 59512
1 423 50006
1 771 45328
1 389 25907
1 449 68852
5
5
5
1 355 33800
4 37507
5
5
5
1 211 669
4 73309
4 57026
5
1 29 42764
5
4 53330
5
5
4 74505
4 61284
4 50841
1 370 12129
4 88073
1 743 27123
5
1 10 53295
1 206 29063
4 86897
4 77221
4 74848
1 631 70255
1 1066 62506
5
1 616 37656
4 51015
1 131 70834
1 732 95569
1 531 9470
5
1 88 69808
5
5
5
4 67951
1 260 37219
4 44023
5
4 35705
5
1 389 28176
5
4 53768
1 39 22147
4 54454
5
4 6863
4 37312
5
5
1 404 63030
1 748 90959
4 48636
4 72083
4 78430
5
1 237 83891
5
5
5
1 668 33343
1 1049 92005
4 87393
5
5
1 967 37432
5
5
5
5
1 662 90108
4 80439
4 96398
4 91563
4 99337
4 64046
1 207 49681
5
1 1090 38181
4 8998
4 37626
1 254 23265
4 46831
1 739 92334
1 439 46692
1 895 14514
5
5
4 7167
5
4 91670
1 1055 31311
1 437 68553
1 367 6068
5
5
1 1120 20658
1 503 44331
1 1100 95500
1 979 49958
4 24131
4 6246
1 878 31035
5
1 558 80096
1 1097 8789
1 1128 95835
5
1 718 20227
5
5
4 68719
4 59529
1 107 29936
1 340 2347
4 24819
1 1059 99373
1 606 78761
1 820 61392
5
4 63448
4 12080
1 861 63676
5
1 227 78499
4 45963
5
1 779 42833
4 17477
4 13428
5
1 781 97499
1 955 68030
4 70488
4 41553
5
4 74133
1 1135 45049
1 377 54453
4 96792
5
4 95945
4 68571
4 40435
4 66755
4 29577
5
4 44048
5
4 10571
4 41277
1 414 9960
1 1130 44739
5
5
4 94910
1 978 99213
1 917 43577
1 6 59374
1 630 12234
4 67707
1 668 24138
4 83236
1 213 97961
1 1162 9296
4 43355
5
1 776 64654
4 27862
5
1 598 34037
1 768 35644
5
5
1 197 16069
1 950 6934
1 263 49733
5
5
5
1 655 56086
1 593 7083
1 1121 25440
1 701 87156
5
4 94734
4 46674
5
4 55186
5
4 35059
5
1 36 55498
4 6523
1 518 55189
1 695 44899
4 17293
1 349 80882
4 40535
1 846 58943
5
4 72861
5
5
5
4 33349
4 98495
5
5
1 107 97183
4 88601
1 357 59784
1 305 84296
1 138 16410
1 457 93810
4 21014
1 475 70227
5
1 31 78926
5
1 351 88058
1 806 89535
5
1 404 65068
1 73 9724
4 83560
4 31588
5
5
1 1154 98944
4 54596
4 44046
5
1 121 92067
1 1039 36465
5
5
5
4 34994
1 977 90445
5
5
4 89999
4 95965
1 647 47647
1 925 34120
5
4 16541
1 838 93078
1 356 58193
1 975 97681
5
4 83111
5
1 861 82810
4 77222
5
4 92714
5
4 69947
4 43891
4 93799
5
4 69145
4 71450
4 68451
4 99583
5
4 98325
1 1154 20828
5
5
1 379 89226
4 12788
5
4 92948
4 10714
4 42237
5
1 536 80867
1 1099 36658
4 593
4 33948
1 1129 99578
4 18977
4 96410
1 80 97053
5
4 86697
1 1081 81698
4 21311
5
1 1174 26673
4 62256
1 732 2289
1 968 81411
4 64194
5
1 1195 58516
5
1 664 31468
4 9193
5
4 78027
5
4 53699
5
1 540 87218
1 207 48823
5
4 35923
5
5
4 29619
4 11224
1 989 91597
1 615 18943
1 1195 52654
1 1002 12787
5
5
5
1 964 49188
1 148 24944
5
4 45516
4 9249
5
1 781 99710
4 63708
5
5
5
4 28893
4 94299
4 57144
4 9734
5
4 62988
4 28778
1 901 84095
5
4 68061
4 39207
1 939 69611
5
5
4 63965
5
1 683 49453
1 1213 34212
1 104 3120
5
5
1 632 32012
1 1090 13136
1 1032 7115
5
1 948 82938
1 943 42003
1 241 48491
4 22749
1 154 30587
5
1 692 97325
1 10 35299
1 393 41120
1 601 65172
1 220 28199
5
5
4 99536
5
4 60718
5
4 26095
1 605 14984
1 465 37263
1 287 83344
1 866 49203
5
4 19668
4 37693
4 52540
5
4 76789
1 1010 24223
4 99620
4 50634
4 43732
1 801 48791
5
5
4 33885
4 66800
1 503 15335
4 5922
1 1093 32566
1 979 44652
5
1 988 44577
4 65100
4 29542
4 44190
4 76628
5
1 546 80877
1 1174 29671
5
5
1 100 75999
1 471 30137
5
4 9735
5
5
4 1636
5
5
5
4 94310
5
4 18255
5
5
4 71381
1 672 46386
1 662 92225
1 844 33610
5
4 49149
1 1017 5858
5
4 80499
5
1 291 33328
1 225 55796
4 91959
5
5
5
4 21656
5
1 1153 29872
5
5
4 79734
5
1 1185 84640
1 445 76223
4 59442
4 3822
1 905 9894
5
4 17217
5
5
5
5
4 53895
5
1 854 89162
1 503 35479
5
1 19 42074
5
1 124 61982
4 79580
1 129 81671
1 359 86686
5
4 96520
1 819 35253
5
1 1093 47451
1 659 93903
5
4 1514
5
1 760 1553
4 28796
4 17130
1 785 46516
1 1215 18089
1 1226 67751
5
4 95477
5
1 1161 44049
5
1 879 15373
5
4 99680
1 452 89180
4 94454
5
5
1 194 99070
4 58245
4 23876
5
4 42684
5
4 86736
1 1240 33997
1 44 96547
4 12365
5
1 970 12442
1 629 68820
4 56514
1 381 73368
1 275 29016
4 94668
1 47 67434
5
5
1 418 29615
1 1196 43047
1 505 81386
1 1047 85108
4 6630
1 442 62835
5
5
5
1 1242 38374
1 305 34800
1 460 58779
4 63022
1 1113 89844
1 63 63179
5
4 75839
4 14205
1 517 92341
5
5
5
1 839 98722
1 479 32046
5
1 243 65974
1 840 77622
5
4 45502
1 246 75016
4 59558
1 437 37727
4 21862
1 1209 15845
5
5
4 58529
5
1 880 69362
1 183 58043
1 293 71322
4 63025
1 949 2713
4 7745
1 253 52934
1 1149 94558
4 8946
1 1035 22363
1 1209 94259
4 17260
5
5
5
5
5
4 27504
1 457 41986
5
1 843 66819
4 76941
5
5
1 37 23034
1 418 27982
1 166 10065
1 916 82073
1 1029 12385
4 28478
5
4 25381
5
4 94218
5
1 98 3919
1 759 47060
5
4 18025
1 375 50460
1 1116 41325
1 1136 20213
4 52999
4 99959
4 97108
5
1 202 67893
5
5
5
5
1 774 38969
4 19265
4 44759
1 433 40912
5
4 40937
4 85511
5
4 617
5
1 76 74715
1 223 92928
4 68717
4 10958
5
1 1063 9956
1 682 45429
1 583 28346
4 97947
1 1189 38662
4 1043
5
4 62581
4 27808
1 288 52606
1 1273 74512
1 554 46190
1 1081 88703
4 36442
4 16029
5
4 66094
4 24216
1 968 55437
5
5
1 80 39955
4 50344
4 49938
5
4 98949
4 41913
4 21984
5
1 1304 25642
1 127 8129
4 26248
1 821 62573
4 53775
4 35095
4 98197
5
5
4 562
5
1 305 98744
5
1 256 74786
4 73430
1 66 19840
4 70532
4 85683
4 11570
1 484 72589
5
5
5
4 59291
1 1111 79878
4 54408
4 67201
5
5
1 94 82124
