1000 1000
44225 34370 12834 80360 99059 98457 73507 16012 64281 64902 16278 83993 92808 95983 62013 80001 72142 1546 10859 43075 36510 46998 65315 55956 65128 27540 24080 41289 22096 58226 13150 22468 38609 31183 98507 20524 31688 81795 59158 28287 55226 40354 15086 33766 28436 34099 33311 61278 71671 20790 87403 7938 74587 58642 20745 40105 99958 66345 43551 36244 86623 91985 54720 19092 17557 60693 97651 55750 22111 39711 83804 73650 49145 96453 3145 50066 97882 64365 94573 75968 73866 10743 70584 34445 4735 38533 95728 24465 59012 18950 89848 7658 17351 44734 15388 17659 77869 34278 19302 61846 19472 97600 15407 89313 47718 80922 70566 60378 69614 78524 89063 64937 41479 12020 5747 985 48722 98360 23835 64607 97888 58197 79606 80897 60133 4013 13229 90475 49373 32327 65421 42932 56741 66496 76353 3585 56144 90457 93198 94362 64495 81209 39917 69469 41346 94012 89663 60756 54022 8390 72531 41707 39832 83674 79668 78141 57991 23595 69165 18677 13140 68670 70411 38840 35330 46490 96750 79866 41916 53460 90891 10068 62261 71765 45264 2985 64410 23227 39503 57525 51077 13183 78908 57496 9231 46635 89645 5767 24845 72518 58253 52531 54947 50105 3246 71049 67109 16545 14032 18757 98725 20578 78209 51040 61159 62531 58627 93112 64425 53443 61506 70857 85844 12779 7009 38582 73459 69944 31303 31112 28527 42979 57835 83079 50278 33379 70764 37575 85709 60215 1690 91612 91969 98851 49091 89976 58545 10925 5013 40877 53167 66554 86054 49611 55430 6139 30478 75618 42710 7697 50126 74596 97202 74620 43403 71411 54545 81896 33878 28769 98500 85236 37093 20701 21307 72502 2907 16936 39835 8374 94419 26065 17131 3682 52731 35946 80935 91603 16412 36243 31045 13979 20268 50312 57313 93444 32431 10690 95522 19926 33947 68158 73770 33658 76713 84174 10768 91426 1166 78524 54656 77108 35186 53497 82697 10010 8174 20154 11357 14106 88575 31503 85310 97807 77140 79155 80073 64286 94402 37594 74535 32368 17977 33511 11407 20038 23122 93341 4656 23972 95167 46227 12141 14738 12833 68904 99953 17479 97649 49102 20735 69821 82143 21552 46928 2961 82911 71905 50860 82379 43490 78203 54228 18266 27951 14467 78074 29021 58891 92428 18816 55454 48185 79961 12972 58332 61195 13795 87674 26947 25464 19162 5833 50227 72970 87822 57314 31026 55720 49796 93742 31892 50460 59882 52510 55594 91307 32536 20088 26114 27554 47328 1370 14238 84677 46307 8468 3429 56641 47376 23567 30007 60939 91033 55201 73195 26747 72110 66126 73004 66980 77897 12862 60848 62273 35091 84851 12557 1072 45791 34682 93139 33914 75686 29499 19268 78486 2054 40227 49084 40381 12807 68797 3548 29343 48237 56101 93518 75829 69820 43691 42934 10436 99254 69501 73616 57426 53517 97853 44384 70104 87810 4314 91550 28003 13511 66224 74808 32212 18492 15669 10575 9241 40278 49776 79303 94610 91297 55994 2495 37234 83299 34222 48364 85109 76272 14302 25390 51605 26320 24277 49105 56985 72889 63111 58429 67346 44869 66535 61769 51259 59300 47183 82870 52857 93462 55367 38390 68915 42409 47673 37865 67828 27790 60534 16867 2610 18427 28607 62993 30148 71063 88389 48623 83679 33323 16946 55914 87481 12913 42429 12457 57446 88542 92174 73534 37235 50868 40395 98603 56904 4665 37973 79191 64787 27213 17359 34427 91041 97169 25554 87082 76595 44466 41142 61912 45338 44248 16932 75379 16022 10469 95321 27894 5048 98767 92458 74907 13518 24961 6216 86221 13756 38187 61844 7871 10217 91910 1908 31611 95956 48397 17898 57436 83818 16394 52053 91826 8371 6025 97681 9506 96 71961 58430 44063 37237 74729 13254 42736 40445 94936 43503 43461 72591 87614 65324 93075 87315 22242 37813 88091 62749 95811 95168 82120 88270 87633 11861 97224 3535 89556 70688 98619 33127 73325 40696 62452 7172 22914 94921 88927 732 32947 12973 72630 49950 15615 72194 92462 50833 28462 71560 29026 16605 78543 68867 93522 37997 61426 13387 23408 73999 79896 56940 4391 52217 71339 62168 49237 95524 37047 76271 77442 58408 96647 58658 79711 2035 69192 75667 37475 17718 3077 93628 89572 82880 90871 8843 92966 92174 28873 66677 55875 32367 32879 56754 30329 7681 21406 31517 61246 77467 33577 52056 61267 36837 60739 50894 5427 27784 68038 45589 34985 83492 74860 75979 83892 81127 52987 23287 28367 94159 38024 24682 9091 70357 78226 3059 57400 99837 43014 7236 23092 78950 88315 6702 1692 97811 16386 31553 69673 60048 42165 35444 34940 51821 94044 23190 92841 42420 6611 22729 13077 20416 59039 23103 68948 443 55592 53507 44520 95183 38204 19085 72433 1271 1306 7527 48516 23601 43523 54901 27309 66351 60118 10232 56470 40819 10196 56316 91374 21254 68605 47250 90034 21425 4214 50162 66342 89859 51369 99439 9489 9106 29513 58708 98555 58855 46 40362 93254 27057 81159 92128 41684 47511 44072 72091 57879 24463 25110 51049 34358 30884 59679 17124 46395 4009 75236 39552 25420 84349 78313 73217 23147 97480 35401 69546 39833 13796 45496 44703 22663 51535 95226 13020 20911 30788 46966 6441 98409 65637 70135 38047 10231 38420 14585 36820 12544 49299 81937 41358 30016 85667 7906 6585 40282 15557 13334 29871 65016 67220 61580 26746 65525 35193 57540 88215 97502 33200 423 22774 11072 92282 97344 22482 9407 44493 63758 43105 45084 70440 238 5239 54626 30398 33992 54853 80575 2926 26238 77329 461 33883 28528 86303 16934 88459 16317 21396 2965 50980 33326 46841 31046 75329 28341 44907 65508 72548 14126 295 52748 121 45551 72700 94048 48822 18435 99090 30872 92153 39446 88778 25003 86567 88584 83123 46084 71672 23726 89305 30926 6574 51629 1661 62693 88226 35593 72822 84313 64170 15684 64801 51206 77155 29259 25935 9970 77676 59026 14487 13286 12013 35287 41554 43123 34146 80459 4943 64256 12218 20553 19740 10472 7598 81416 44689 51656 59309 96936 41283 10644 86318 77793 54596 49025 45450 35079 19233 91844 780 88067 28437 61681 70866 38411 34254 34326 51494 30995 54238 9936 5748 47133 92374 83418 3175 30612 40062 65389 11575 81780 83164 79066 17660 44709 20485 90877 14096 3348 90960 19951 73309 95417 1968 9104 92631 37405 
1 408 28228
5
2 104555
1 162 36950
1 806 65431
1 254 68354
2 101146
1 862 84848
5
4 99534
4 25016
5
4 19016
2 106083
4 88371
2 103683
2 102302
4 8856
4 2606
4 82260
5
1 396 32798
2 106530
4 27538
4 83004
2 102537
4 39858
2 103988
4 86766
5
4 63442
4 18862
5
4 51517
2 101147
4 36032
2 108823
4 82579
5
1 221 93649
5
2 100946
5
4 87388
4 49434
1 592 51400
2 105886
1 673 84565
2 103976
1 528 7083
5
4 28006
4 37829
4 42395
4 98689
4 60134
2 104150
5
5
2 107898
1 385 40403
1 606 5857
1 919 7218
5
4 46795
5
2 102716
5
1 730 79561
2 108983
5
2 104141
2 107462
5
5
5
2 104667
4 29783
4 64499
2 109878
4 47457
5
2 109148
4 80582
4 83343
5
2 103745
1 763 40154
1 302 9851
1 174 89666
1 206 11470
2 104990
5
1 395 74254
5
1 971 98094
5
2 107198
5
5
2 109599
4 99654
5
4 34186
1 909 41039
1 476 71868
2 105399
5
1 169 7753
2 105139
1 161 1409
5
4 55351
5
1 68 15138
4 20858
2 105031
2 104471
5
5
4 20418
1 783 48080
5
5
1 313 23575
1 413 57379
5
4 5168
4 49756
5
4 95621
4 84699
4 67964
5
2 104034
2 107468
2 107553
4 67531
2 103911
4 77258
4 12591
2 105945
1 2 35648
2 108389
1 268 4892
1 220 61811
5
5
4 80179
5
4 91778
1 912 82964
4 25252
1 575 27902
5
4 82811
4 91949
2 103003
4 71006
1 911 1529
5
5
1 347 52728
1 761 21326
4 58520
4 88738
1 703 51182
1 832 95315
5
5
4 20335
5
4 10565
5
2 104809
2 104547
5
1 870 43647
1 117 75676
2 105613
2 107042
1 715 21403
5
5
5
2 106091
5
4 46978
5
2 102521
1 199 91349
2 109971
5
1 611 30456
1 221 21210
1 144 48792
5
4 36607
2 105236
1 660 1391
4 98830
4 72362
1 356 25622
5
5
5
1 295 23569
1 734 65786
2 100952
2 101354
5
2 100296
4 839
4 60349
5
1 363 46882
5
1 116 26502
2 102687
5
1 630 64040
2 100909
4 96808
1 991 70360
4 62762
4 42810
1 691 88345
2 109752
2 104746
2 105000
4 98231
1 472 31695
5
1 140 80984
5
4 62735
2 103411
4 87577
5
2 107768
2 106417
2 101577
2 109966
1 715 73717
2 109378
4 46926
5
2 109282
4 1845
4 10153
5
5
1 834 22912
5
1 375 52258
2 105837
2 103759
4 52939
1 410 66621
1 944 41681
2 103189
2 101002
4 87528
5
2 106421
4 54267
5
1 326 74963
5
5
1 557 67350
4 97399
1 931 64036
5
5
4 90531
5
2 104529
4 28339
2 101962
5
2 105280
5
5
1 1004 9148
2 100421
4 60082
2 103153
2 102137
2 101151
4 22923
5
5
2 101841
4 29721
1 709 79717
1 770 8142
5
5
4 10493
1 969 48461
5
5
5
1 21 20500
4 2331
1 701 95130
2 108305
5
5
1 542 5843
4 50751
4 66627
1 83 77416
5
4 39696
5
4 63157
4 56979
1 1037 65259
5
4 74831
4 13700
4 66506
1 1002 69391
1 446 31075
2 102731
2 100685
4 59353
5
4 67156
4 9189
5
2 108439
1 470 46027
4 67183
1 1073 67454
1 42 78048
4 12940
1 62 98993
2 104449
2 101052
4 41079
1 739 39557
2 102484
5
2 100574
1 1 88804
5
1 831 46915
1 708 64276
2 104661
1 849 51936
5
2 103211
4 82339
1 209 97878
2 109243
1 262 1147
1 455 82977
2 103003
4 6871
1 103 35261
4 10532
2 100424
1 95 70114
1 1006 45001
4 3720
1 279 96356
1 961 74456
4 4283
5
2 106211
4 68396
4 91913
4 75479
2 108483
4 76484
2 106181
4 34311
5
1 1034 90151
2 106536
5
2 102721
5
4 2711
5
4 84721
4 60897
4 41640
2 107641
1 235 73957
1 413 91078
5
2 100385
1 765 13274
2 108603
2 104211
2 100198
2 106088
4 84154
1 996 95012
2 101449
4 20568
4 96387
1 968 12857
4 91503
2 105919
5
2 105317
5
2 105043
2 101578
1 283 67456
4 99136
5
1 589 9823
4 10707
5
5
4 33412
2 101778
5
4 79299
2 105354
5
1 204 7386
1 512 10505
5
5
4 1890
2 107016
1 985 27889
5
2 104268
4 84416
5
1 208 44003
1 170 49679
5
2 102241
4 26252
1 754 14165
2 102935
4 56533
5
4 78107
1 385 28970
1 1086 62302
1 869 71202
1 800 48021
2 106216
4 36929
2 103994
4 57751
2 103867
2 103969
2 109993
1 970 77629
5
1 152 99070
2 104254
2 102276
1 260 21366
2 103576
5
5
1 226 7206
2 103228
5
2 108580
5
2 104665
2 105898
4 44782
2 107152
5
1 321 64052
1 52 2646
1 1000 86538
1 149 44286
5
5
4 32216
2 102157
2 106428
1 295 92046
4 96199
1 1034 34846
4 10332
4 2191
4 53215
2 106423
1 328 95439
1 693 65497
1 134 82956
5
4 70959
1 494 78157
2 104391
2 105543
5
5
5
4 91168
5
2 101942
4 46843
2 108710
1 744 38367
4 50381
5
4 316
4 59718
5
1 317 93060
1 490 55371
2 103380
1 864 92150
4 15530
1 313 26830
1 545 41479
5
5
4 72332
1 964 36236
5
5
5
2 101724
4 91570
1 986 91522
2 104214
4 71334
2 106137
5
1 740 87065
5
2 108717
4 36172
5
2 105501
4 32088
5
2 107853
2 104872
5
2 100151
1 158 43833
5
2 109638
4 46909
1 195 65038
5
5
5
1 976 75191
1 860 44859
2 103928
5
1 69 65472
5
1 954 46975
4 3648
5
2 106805
1 235 79606
2 102468
4 87561
4 98317
1 504 19978
1 690 5776
2 109942
1 271 63864
4 63654
4 61821
4 96017
5
5
4 79545
1 472 38128
2 108950
2 106836
1 230 29642
5
5
5
5
4 15891
2 101188
1 1116 51433
5
1 517 21690
4 16628
2 105658
2 105114
4 57678
2 104549
2 102573
5
4 94759
1 1002 20894
1 835 15674
1 584 6317
2 100618
2 101202
5
2 101707
1 962 91594
2 102030
2 105147
2 105978
4 48277
2 106253
1 112 91896
2 105225
2 100731
2 105300
2 109645
2 103402
2 109570
2 100479
5
1 796 51402
4 93769
2 101554
1 1015 41078
2 108372
1 890 61686
1 739 31942
1 43 91965
1 1096 32561
4 69784
2 105806
2 102415
2 107306
1 158 46743
1 23 38921
1 1112 86188
4 31756
1 751 44840
4 28682
5
2 102730
2 107650
2 103395
2 109246
4 75521
1 320 32480
2 108973
2 108202
4 18591
5
4 48483
5
1 40 38473
5
5
2 104862
4 76674
4 75635
2 100047
5
2 109226
1 1058 73266
2 102853
1 379 9846
4 30552
2 107339
2 101966
2 107995
4 69673
1 604 70096
2 109914
5
4 20838
2 104268
4 51749
5
1 1088 91106
5
5
1 137 24915
4 92076
2 107906
4 75458
5
1 496 73998
1 633 31919
2 100279
5
4 46333
1 176 88565
1 1073 75154
4 56968
4 62314
4 73603
1 656 34223
2 101241
5
1 1173 20148
2 109944
1 964 47402
1 815 95219
5
5
4 41069
2 100023
4 87470
1 978 60211
4 42933
4 63490
1 1000 60004
4 65741
4 31869
4 28470
4 5383
5
2 108820
1 1041 6035
5
4 3681
4 94412
4 46184
4 66506
1 1004 92188
2 104913
2 109488
2 104182
2 109363
2 103397
4 42859
2 108308
4 52900
1 866 29713
4 99712
5
2 104103
1 423 66999
2 100187
5
2 109925
2 102552
2 107412
4 22216
4 60506
5
5
1 548 29773
5
1 538 72283
2 106819
5
1 1123 37377
1 178 34023
4 18616
1 1034 46431
5
1 282 41307
1 15 94223
2 103761
4 92668
5
1 681 379
4 90171
2 104885
2 103391
5
4 21155
2 103101
1 944 94339
4 62948
4 61696
5
1 430 63578
1 523 38491
2 105186
5
5
5
4 80565
1 980 23773
1 907 46707
5
5
2 105976
5
1 968 41691
4 23867
2 104654
1 176 6067
2 105530
4 72166
5
1 422 90764
4 77739
2 108214
1 1181 17395
1 39 83027
1 382 75
4 55611
2 109426
1 101 75160
5
5
4 10981
1 920 88910
4 26821
4 98075
2 107709
1 347 48855
4 25568
4 86375
4 89198
1 65 11760
5
1 1125 33052
1 907 7593
5
2 109903
1 510 67276
5
5
5
1 222 94179
2 106227
4 3011
5
5
4 72825
2 108694
5
1 899 93887
5
1 491 32120
4 11120
1 637 60736
4 14675
1 800 44301
1 1172 89047
5
2 108905
5
4 22630
1 359 32599
5
5
1 479 46566
4 53502
5
1 383 39475
1 1158 89329
2 100727
1 688 52702
4 92934
5
4 92443
5
1 528 9839
4 48026
5
1 208 30415
1 313 69838
4 40306
2 100885
5
5
5
5
5
2 108196
2 102342
1 278 84498
2 102365
4 97770
1 1195 97186
1 629 34207
2 105215
4 96246
2 104173
4 13851
2 101338
5
2 104337
5
5
5
5
1 974 45883
5
1 72 90498
2 103516
2 109494
1 380 87762
4 86852
4 89555
5
1 959 80304
4 77113
5
5
4 86740
1 10 478
2 109138
2 101385
2 104284
5
4 49260
2 103200
2 100320
5
5
4 46386
5
2 106287
5
4 19438
5
2 105552
5
4 50947
1 584 5671
2 106634
5
2 101045
1 254 56119
1 820 11974
2 106412
5
1 445 402
1 191 8459
2 108530
1 715 61345
4 67159
1 325 78289
1 796 89122
2 105497
5
1 524 13096
4 91732
1 597 72515
5
2 107593
4 89661
5
4 89095
5
4 43561
1 759 42016
2 101338
4 46140
5
1 1114 68217
2 101288
2 107470
1 1202 35312
2 103412
4 45495
4 8003
4 54765
1 90 39163
2 103614
1 517 73510
5
1 250 13755
4 60797
5
1 111 72059
5
1 677 1232
4 65336
2 109275
1 531 17970
4 39154
5
1 4 85242
5
1 552 34983
2 109360
5
4 25038
4 1931
1 971 69540
4 3946
2 102563
4 39818
4 99469
5
2 101894
4 95098
2 101408
1 204 47309
5
5
4 32803
4 52917
5
2 100458
2 108765
