100 100
16544 18101 8390 47120 86599 35382 44904 23343 24250 5609 51041 53541 41461 11610 27840 26451 79079 26277 48459 38283 19072 27256 10612 65965 13797 17834 23101 50177 11690 86723 63513 91235 21840 92713 93450 58763 11486 75798 55604 98452 37717 7692 91425 78203 58439 5891 72881 65514 25439 99647 38739 33740 33653 95673 76745 98627 73176 26253 61959 40648 9493 21040 60545 26877 78655 86392 58789 46367 20404 42220 50012 36120 94712 87815 48372 22568 70821 39965 54935 9436 60938 38364 13532 84398 36989 43785 9718 23662 40521 5724 37187 53250 84762 88963 30930 89494 75954 77244 41401 68087 
1 19 68649
2 101042
1 92 49628
2 101896
1 54 23078
2 101972
5
5
1 50 85641
1 103 54787
4 78694
5
4 33493
5
2 105793
1 69 5325
1 39 2052
1 103 77282
2 104792
4 80884
5
1 72 85908
4 91896
5
5
1 64 58847
4 27433
5
1 71 1545
5
5
4 7867
2 103117
5
1 4 44333
4 48807
5
4 28847
4 27679
5
5
1 24 19129
4 96510
5
1 76 50489
4 35025
2 105030
5
2 105942
5
5
1 90 90788
5
1 1 65005
5
1 116 90084
2 101899
2 100606
1 10 26626
4 87076
1 67 6783
5
4 26881
4 59575
5
1 70 85489
2 109217
1 96 2132
2 102987
2 105732
1 73 34951
2 104793
1 100 93149
5
4 8034
2 107328
4 82672
1 13 98377
5
1 102 85760
5
4 88587
1 14 25718
1 42 70905
4 95778
2 109038
2 104797
1 24 30178
2 107089
1 10 78508
2 100216
2 108679
1 96 31432
5
1 26 94143
5
5
2 105808
4 85173
1 75 96785
