100 100
47808 93595 25739 64899 6214 66883 90089 48743 4065 36555 9141 53625 18329 12187 55461 44603 13582 16413 58586 36026 87120 57379 2028 39850 60335 40830 64790 77053 88627 9742 395 89156 95425 94179 67837 90016 22152 87285 82885 14060 3616 28778 47539 11296 40224 52484 29407 28267 52158 12798 15453 57991 42154 14585 56171 25663 57890 84192 91294 26466 21524 66343 21201 20253 79435 13035 50112 2821 73022 91274 30661 10408 94139 33946 4870 15149 16551 82913 38268 87729 28640 29096 40175 71102 39223 71400 38625 677 86938 21150 67335 72719 88919 47412 29525 79664 27475 36819 54442 4901 
4 70420
4 89611
5
1 87 90165
1 74 43723
4 50762
5
5
1 8 15376
5
4 56814
5
1 23 88288
4 24052
5
1 2 6789
4 15678
4 35073
1 58 2501
4 58087
5
4 49822
1 54 86524
1 90 11840
4 37020
1 65 41747
4 94634
1 41 43843
4 19092
4 91795
4 18006
1 9 2118
4 95491
1 72 79218
1 69 91046
1 51 3177
4 21628
5
4 7402
4 14962
5
5
1 95 94639
1 14 49457
1 29 31423
4 52625
5
4 43810
4 93758
5
5
5
1 67 52379
5
4 53666
4 60657
5
5
5
5
4 1012
1 49 22665
5
1 34 59514
1 74 33636
5
4 77646
5
1 5 89224
1 15 82963
1 81 13450
4 45701
1 31 63685
4 12282
4 31898
4 74089
1 101 64118
1 31 23294
1 63 87406
5
1 104 81417
4 77949
5
5
4 87903
1 49 78481
5
4 72187
4 64622
1 93 69655
4 99791
5
1 73 60966
4 19575
1 3 62996
4 61412
4 37368
4 60408
1 9 30493
5
