1000 1000
3293 67104 642 80182 40839 49706 82224 40230 71602 38910 3662 49295 79828 28474 22590 26226 20049 78192 90908 32580 62204 53570 61782 84834 74746 94369 84482 66367 28161 56873 91983 9037 11286 7551 58652 92214 87813 38492 6340 20178 62117 99408 85667 31462 26440 2302 19324 84367 52875 44266 63321 29786 96377 23600 43537 58886 74824 64872 99759 64226 13164 1809 56895 34423 34423 30110 46571 83792 4695 91122 43816 29343 74239 57616 78231 44873 76946 18268 32085 55104 17858 44527 77891 15531 6854 20173 18 32395 70451 12693 6557 95653 99487 17274 76657 55949 87177 88046 14906 51192 74238 70059 9599 7263 63922 68275 67515 3149 24395 83153 27562 96151 86443 49889 88907 95202 3358 78888 55809 56978 57468 19960 5552 37545 20581 5640 66691 95322 98725 51742 89291 46395 99043 50579 23094 93414 6008 3516 72735 96736 19482 96724 15390 84 64004 47600 1200 85274 9529 88297 71158 78001 51106 80669 12438 97432 96876 20852 31621 62507 74187 93945 55843 34079 72511 84824 3370 48790 21680 98946 31214 13941 15258 70256 61984 27204 59061 89648 74303 13766 8607 7626 94209 34703 61687 58406 78761 70210 66512 99250 89538 46781 30180 94646 25480 676 67003 45047 4552 63065 79511 64138 17120 6782 68456 73174 1657 38019 30044 37970 24109 94091 68559 27859 15949 80116 9564 75888 6423 62296 8584 18756 82167 51900 87684 54293 64977 57595 45367 65300 73087 24579 55514 92428 81253 65832 28765 18211 72996 49611 69737 88884 82077 48269 83708 68616 64062 18522 78402 11154 79207 48695 9305 53676 17741 47395 68190 7892 66947 75057 69559 65583 95485 50034 13754 32280 24515 23686 21204 88253 51729 91479 78098 82345 40452 58935 93006 79513 56747 35601 57847 24113 67361 63462 22115 35887 75382 41631 10123 27766 77523 52018 79604 98107 31069 78379 73238 34143 26434 39535 42081 84596 60010 56581 52035 59826 50606 89066 65212 57070 29163 57500 61779 55878 85970 30603 40360 45983 83184 41295 42862 37374 23959 45264 41560 32768 53548 246 9326 67520 97341 7092 17127 92499 31669 70403 29065 16866 69630 65756 84683 16500 70684 12986 91814 89746 26005 49871 76089 6525 43488 76570 3378 58153 81954 38366 28655 32368 61775 30850 5141 80081 32069 8151 69516 28860 2214 52987 45182 39233 54572 3420 13545 91116 51842 96971 68152 1877 48686 59494 20186 83138 40511 62245 69755 97255 57388 70778 64770 66136 41252 6058 65971 45493 94510 61104 28227 56809 30189 40560 26145 67134 44869 52836 83447 13219 75746 78405 33620 99931 57364 90247 82243 82120 76953 28834 95313 16489 45528 55904 63257 58793 13353 40879 92652 32702 87661 98061 67221 19415 90061 9143 62944 61797 31438 1604 87353 47023 44024 26473 25817 1839 3649 28551 76066 14638 27190 73425 43682 90008 59360 26141 89558 6068 43415 2562 88235 54557 49649 28026 73447 62783 55132 57096 59457 62161 2379 21884 2163 30833 24847 4842 32942 4894 92922 88162 85990 42257 14726 48408 72775 8026 47848 75164 58178 9187 53842 59569 59383 90782 97336 679 79207 39418 62220 24977 37098 93297 84433 6808 42999 24856 12971 95173 58436 33946 62524 48956 70170 73484 96761 700 78057 10863 53954 64448 14195 44961 32988 46697 27606 77011 76906 83195 43203 16705 55473 61067 86067 36925 86562 69998 88878 50821 79328 88979 31233 55543 35892 57864 26138 65300 40402 38948 26760 54096 91999 83403 3854 89450 46034 62802 1759 29546 13035 75490 75287 89523 9923 14529 29085 64102 90066 20359 12981 40064 46679 33587 85666 66342 11255 12771 54975 56656 22781 48121 69139 6459 8773 19434 3971 23841 75007 83376 67416 47446 29867 22655 71464 97518 3457 47896 94809 4197 85486 75178 47296 11902 14596 11178 87283 90948 75625 32989 78994 66923 30239 79145 81112 37573 8689 4452 6357 43918 20319 21872 21240 19679 28483 7904 27119 82472 3137 19529 36922 70667 93129 73975 44182 728 7801 57472 73241 84692 69485 14415 93056 34170 29950 68885 79713 81803 66338 95407 61010 93996 62453 49527 90150 19797 98209 78458 20995 2135 20696 7662 41081 92811 86776 17250 40977 47683 28828 59707 8819 50082 8892 60697 47855 98051 51660 91041 51499 29272 90225 47708 96423 84347 37689 28331 42268 49573 1461 33542 93847 42752 68054 92437 77992 56390 43592 85741 7762 54941 32398 57544 21882 24366 28219 97218 80477 39134 35744 68064 58775 10728 47721 25312 64725 3253 75260 10385 70746 99556 93516 44020 97451 10274 376 89097 79898 89203 6951 48286 92398 38241 49063 62697 69743 59591 15359 90977 17136 37479 23570 41516 56236 59553 71837 66778 96630 46408 62696 83711 77807 25212 39485 80960 28857 23503 68710 98736 80377 73135 74645 16975 84696 16422 33985 769 80342 81960 78144 41012 7039 4986 18555 75244 75736 87867 62992 20888 64965 94696 18330 48728 93134 79655 98874 63771 67003 20830 2933 91468 71905 37405 33958 7936 79735 66950 95670 8216 60092 16032 34069 22932 46327 15186 24604 12470 92777 41053 93548 42914 82880 57608 83497 11049 68496 14723 76898 77696 29725 89921 88550 4946 40990 16804 8973 21446 49655 3263 38118 76310 78214 25075 97634 21380 87558 46005 82324 6282 16854 82114 30386 86613 50791 38679 59521 76890 45338 20949 40258 7530 28535 39589 41197 45039 68853 15858 3891 68174 99237 43464 6888 88867 79892 76652 13416 23223 93873 46435 57927 91311 77078 34393 56284 6112 32216 45482 65462 1331 4882 29694 14810 68928 67307 87161 98656 53572 55785 84457 34130 30346 13377 43458 5419 47566 80592 78173 51632 15603 25544 42397 87273 3630 9550 51422 10959 42613 97369 47701 98352 16860 1073 62063 36984 65534 63822 89331 31569 21403 69031 28145 56844 19308 40395 59295 90233 45269 37131 4539 17775 18297 9486 70781 69835 92816 2155 68383 81769 85570 59580 93768 81409 22648 41272 55255 49399 5201 48536 667 43040 46931 92900 86892 65823 36149 28019 11182 1879 38478 54365 62288 55640 98985 58590 86461 35387 84348 45631 5779 16152 90751 31705 14528 14513 4312 79663 55257 41222 66946 11053 83688 89249 23516 75580 65258 92536 77242 25348 37290 42784 51015 23543 64957 40559 5848 22989 82955 88699 8500 46183 86008 79733 76216 34283 55334 59841 10920 
2 106764
5
5
1 935 47979
4 40751
1 865 66708
3
5
4 77924
3
1 237 29611
4 73577
2 105134
2 107989
4 33492
2 105973
1 802 78361
3
2 105172
4 60291
5
3
3
5
4 67787
4 2032
5
1 102 39194
1 575 33470
2 104025
3
5
4 85540
2 105284
1 180 11911
4 55005
1 164 9915
4 25866
3
5
5
2 106755
2 105585
3
4 50930
4 93446
5
4 71878
4 94407
2 107851
1 60 96135
1 654 26539
5
5
4 576
3
4 81206
2 102170
1 178 84305
2 102062
1 763 3846
3
4 34037
4 84640
4 50563
4 99047
5
5
1 970 77713
5
3
2 109714
4 14801
1 84 83283
5
3
2 106712
4 34016
5
1 802 27934
3
1 774 64106
2 106132
5
2 100196
2 101166
1 499 50514
3
3
2 101716
1 781 47439
5
4 86581
2 109983
4 4350
2 106989
4 2772
4 1657
4 40281
4 50506
5
2 104883
2 103268
5
3
4 83087
3
3
1 956 99378
5
4 79531
1 789 77470
5
2 102250
5
3
5
2 103023
4 28457
2 101386
3
5
3
5
4 26096
3
2 100963
1 625 71609
3
1 752 8649
3
4 6596
5
5
1 186 29558
4 50137
1 14 18485
2 108468
2 103343
3
4 96631
5
1 383 72548
3
4 98306
1 271 52308
3
5
3
1 194 58939
5
5
3
2 102379
5
1 21 28054
3
1 859 33174
1 640 90491
1 842 58014
4 57490
1 108 16456
1 512 29857
1 988 86175
1 7 66084
1 1014 23358
1 99 13819
4 32649
1 819 57750
4 30208
2 103667
3
2 104249
4 16669
5
1 242 2763
5
5
1 815 835
2 107340
1 1023 26182
5
3
5
2 105348
4 75504
3
1 565 6805
1 886 88325
4 5154
3
2 107851
1 687 58980
2 108366
3
3
3
4 66370
5
4 79381
1 52 28749
2 104609
4 75633
4 89969
2 105662
1 140 88948
4 37157
4 19267
3
1 683 20618
2 104002
4 79389
3
1 801 21261
1 586 12496
1 743 26744
1 56 25599
4 44962
4 5582
5
5
1 967 42720
1 217 88546
1 507 59900
3
3
2 102410
4 11689
2 100808
4 53415
5
4 78774
3
1 91 98877
1 755 30094
1 263 41824
2 108864
2 104757
3
2 106729
2 105600
3
5
4 15802
3
2 109595
5
5
4 30135
5
5
3
3
5
5
3
3
5
1 854 70464
3
5
3
5
5
1 994 1140
3
2 101743
3
2 104277
5
3
3
5
5
1 735 61945
5
1 797 89163
5
1 476 4847
1 312 63486
5
2 101396
4 48040
4 73742
5
4 11501
1 554 16258
2 100451
5
1 985 70003
3
5
5
1 141 46778
2 108151
4 15733
3
2 102576
2 107842
1 505 81166
1 1036 14161
2 103010
5
1 187 42453
5
3
4 17358
3
2 104385
3
1 398 49682
4 47943
2 103782
2 107136
1 161 84692
5
5
3
2 108090
4 7796
5
5
4 74259
3
2 104355
5
1 126 92588
2 108777
3
2 108169
1 13 3689
5
1 86 37772
4 6831
3
3
4 28825
1 645 4889
3
3
2 101317
2 104113
3
4 85408
2 102327
5
3
2 107047
5
5
4 27317
2 108248
1 745 27921
4 71906
4 64718
1 878 42300
4 36574
4 11377
1 748 82195
1 286 1345
3
1 512 66400
2 104390
1 491 50430
5
3
4 50891
2 102020
5
4 6274
1 723 95491
3
2 107975
2 106732
3
5
5
5
4 82453
1 746 84274
2 109601
4 38700
4 2963
5
4 94281
1 813 32244
4 21599
1 53 75878
5
4 84697
2 108720
2 101054
2 100195
4 69760
3
3
3
2 100365
3
4 97923
1 933 26542
2 108443
2 109753
2 109065
4 9922
1 1075 1706
3
2 107595
3
1 406 71051
3
4 78842
4 22545
2 100779
1 877 93180
5
3
5
4 43156
1 144 30699
1 310 64504
1 597 95340
5
3
1 821 87854
2 108190
4 46089
3
1 192 47205
4 13344
3
2 102256
4 15002
3
1 388 45376
4 2677
3
4 87454
4 98514
1 617 10965
4 61658
2 108845
1 217 66928
3
2 101986
3
4 16665
2 101835
5
1 504 26363
3
1 470 43185
1 255 39334
1 270 15734
4 38599
3
1 317 68339
3
2 109417
1 1079 42088
4 22131
5
2 101175
2 105200
1 554 44460
5
2 109259
4 69936
3
5
2 102101
2 101743
1 93 5256
4 35363
3
4 52228
5
1 705 93517
4 63236
1 622 36205
3
2 106356
3
5
1 326 16922
1 962 14370
5
4 73893
2 109789
2 103366
2 108140
2 100279
1 1058 1623
2 107073
4 99474
2 101478
3
2 106998
1 358 49293
4 83165
3
2 104479
3
1 937 68311
2 101287
3
4 36505
3
2 101668
5
5
1 1001 94288
5
5
4 29577
3
4 34421
5
2 107870
4 3960
3
1 1015 43161
5
5
5
5
1 1094 50089
1 201 51352
4 96549
3
3
2 103929
4 48762
5
2 108827
1 439 84240
3
3
2 106532
5
1 68 47789
1 1029 93883
4 87761
2 105715
4 65492
1 974 74071
5
4 91871
4 71011
4 30895
1 532 99124
2 103507
3
1 1025 6100
5
2 109263
1 1062 40220
4 79469
4 19343
4 31604
2 103359
5
3
4 23781
4 76105
4 23735
2 103026
1 453 92825
2 105427
4 2504
3
5
3
5
2 100957
3
5
4 98910
3
1 1056 40209
1 1124 91918
2 106532
1 431 75539
2 105289
2 109163
4 2168
3
1 1008 60348
5
5
5
5
2 108613
2 104150
2 105066
5
5
4 7788
3
4 59016
4 51933
5
5
4 93235
4 62805
3
1 1088 87062
1 955 57113
3
2 106059
3
3
3
4 67488
4 62659
4 77263
5
3
4 2416
3
1 578 75697
2 101198
1 51 52484
3
3
1 1042 16285
3
2 101166
2 104621
5
2 102078
3
5
5
2 106209
3
4 12817
1 746 24815
4 95667
5
2 100496
5
5
4 80606
1 374 38924
3
5
1 735 63337
3
2 106013
1 362 94922
1 539 84865
1 1094 89096
2 109639
1 273 42313
2 104015
4 29733
3
1 7 54949
5
3
2 106802
1 10 20248
3
5
1 1009 94585
4 15507
3
5
3
2 104154
2 101659
4 42401
1 164 24207
4 30480
3
1 928 7906
3
4 52286
2 108990
1 694 75631
5
1 256 26428
2 101752
2 103838
2 101178
5
1 782 39047
4 13934
1 545 26132
5
4 55726
3
4 18006
4 69369
3
1 454 48382
5
3
5
2 101521
3
1 1057 15491
1 526 87891
1 965 16115
4 39971
5
3
4 97800
4 20797
4 97882
4 24498
4 88774
5
3
1 1006 89264
3
2 104130
5
5
2 105034
4 60484
3
5
1 148 29539
2 104769
5
3
2 101957
3
4 38137
3
1 569 58822
1 921 82861
3
3
1 109 91081
5
4 66981
4 69355
5
2 102644
3
3
1 220 60963
3
3
4 64177
3
5
1 834 76097
5
5
3
2 103879
5
3
5
4 23308
5
3
5
3
2 105270
2 104358
5
2 106871
4 71094
3
1 133 10896
3
4 69750
4 70810
1 452 31315
3
4 29222
3
3
4 42534
3
1 1052 55485
2 105715
1 745 93754
1 296 41024
1 413 66769
3
4 4947
2 108720
5
1 896 3138
5
2 102560
5
2 103946
1 840 36379
1 40 91698
2 104598
4 58044
1 621 49623
3
5
5
2 104933
1 238 41345
1 642 81779
4 30763
2 106245
2 100309
5
3
1 931 90001
2 106050
3
5
4 59782
2 104305
3
5
3
4 86675
3
2 100078
3
3
4 25291
3
2 109429
4 99867
2 105621
4 83369
3
2 108387
2 100990
4 34227
2 100813
3
2 109010
2 107063
4 72552
1 176 41350
1 1070 93995
4 81258
2 105966
2 109862
5
5
2 105058
1 777 29456
3
1 1099 24732
3
4 34590
1 816 55178
4 52061
2 103777
4 16376
3
4 28235
2 108607
2 103659
1 650 60317
2 102754
5
3
1 713 10922
5
2 106504
1 896 74612
3
3
5
3
4 87348
4 32881
4 82627
1 874 10704
5
5
4 14173
2 100569
3
1 65 54009
1 403 4450
4 72448
4 7902
1 243 2046
1 617 41626
5
4 66484
3
5
2 103574
3
3
1 37 16610
4 22843
5
3
5
2 100194
2 105909
5
1 575 16519
2 108962
5
5
2 104643
4 90209
1 425 80214
3
4 74489
4 17123
1 587 57621
3
2 106883
4 96706
1 1050 61608
3
4 50192
5
4 13711
1 966 34913
1 301 47815
2 103962
1 873 46910
3
1 238 56019
5
5
5
4 83535
1 734 82784
5
1 47 98714
1 434 65938
3
4 66600
1 456 77999
2 101358
3
4 11304
5
1 374 79162
1 369 39689
2 100915
2 108696
4 83323
4 70435
5
3
4 6673
5
4 27032
5
4 56495
4 94457
5
4 28856
1 737 22941
1 442 42318
1 987 14068
1 515 22728
2 101881
1 5 46425
4 58601
3
5
3
5
4 20340
4 38009
1 716 16332
1 199 49479
4 42108
5
2 107496
4 92056
2 104067
5
4 80556
3
1 72 16479
2 102678
2 102728
2 100507
2 107715
4 82945
3
1 1041 89533
4 16621
5
4 68832
2 100658
3
2 102354
3
4 91718
3
5
2 109884
