100 100
5752 12158 87443 18635 16547 2783 38247 56444 75157 62511 34776 61511 4816 39989 45018 68376 63302 27113 79810 83723 69084 74031 41322 1644 52197 84692 67207 56935 89762 70584 83670 87380 78185 63718 68237 87617 54984 49089 66855 4173 98850 84600 23784 95135 10827 63819 86255 34326 22298 43896 44160 72640 51274 9606 94779 59869 50810 75126 44054 2137 24780 76834 11554 82354 47646 1681 46126 30032 53178 69729 65668 94852 7828 83728 37709 64851 82574 94410 30588 71325 63414 23277 20153 70304 58261 49622 98520 60462 5784 1330 17659 59813 25320 2753 33601 46143 89779 35642 56920 83134 
4 46
1 79 8206
5
4 92674
1 10 56780
1 101 70228
4 9631
5
5
5
4 3819
4 34411
4 4329
5
4 54273
4 3118
5
5
1 53 8420
5
5
1 47 87655
1 95 10272
5
1 97 67986
4 70455
4 19154
5
4 51020
4 16576
5
4 67777
1 80 21863
5
4 56646
1 94 17827
4 87614
1 44 58946
5
5
5
5
5
4 39820
4 3703
1 66 42579
5
5
5
1 43 65552
1 69 95201
4 29478
5
4 12170
4 66361
1 26 42212
4 52188
1 64 10533
1 64 26148
1 24 35160
5
1 10 78656
4 10976
4 72683
5
1 118 70016
1 100 63433
4 95756
4 3699
4 93554
5
4 44632
4 29379
5
1 78 83202
1 114 78800
5
4 45009
5
5
1 88 6872
4 60392
4 87680
4 41354
4 28389
4 44962
1 105 23681
4 8184
4 49195
5
4 22921
5
4 48302
1 117 38784
1 116 34788
5
5
4 7197
4 6763
5
