100 200 2
14 12 -44
65 76 12
24 68 7
25 21 11
18 95 -6
11 84 49
63 10 -39
39 30 -12
35 93 43
87 96 44
98 54 -26
56 9 -3
91 42 25
17 68 45
3 61 -25
83 18 -36
9 16 -9
65 32 20
80 4 11
98 3 30
3 40 20
52 99 33
61 67 23
99 19 12
100 64 14
48 7 37
67 86 10
98 55 6
92 83 4
21 46 37
93 30 -7
9 33 16
79 5 5
36 33 17
57 87 14
77 39 35
63 88 -33
19 87 -31
9 38 2
77 72 -25
26 31 16
57 91 -30
23 77 -1
81 68 -43
49 9 -31
27 31 10
67 19 -47
88 2 -16
38 74 -22
100 63 18
66 94 -1
11 19 -6
4 89 29
9 69 -16
21 23 -41
68 69 -13
28 76 -20
100 16 25
31 2 39
35 56 28
36 95 -7
99 11 -27
36 98 -23
87 37 -2
11 4 25
30 99 -1
100 95 -2
96 66 -23
86 1 37
40 97 -50
31 66 -2
8 68 -29
92 7 -13
91 63 14
88 69 19
93 55 8
99 40 22
82 70 -26
21 7 -46
81 99 -3
11 25 44
50 16 23
18 52 -3
80 43 8
10 96 47
7 33 34
61 77 34
62 66 49
3 94 -38
43 57 -5
79 97 18
83 46 -20
86 60 -39
93 72 -31
51 45 7
78 79 1
78 87 4
19 3 -22
8 47 9
22 53 -9
3 52 -27
60 17 33
38 79 22
58 57 -47
25 85 7
73 57 -2
83 27 6
37 32 -25
13 37 7
76 22 2
42 11 -13
73 76 25
51 100 -19
4 45 -39
14 60 40
66 46 7
60 56 28
35 60 -43
74 7 -41
18 23 -30
14 77 -43
38 63 1
52 7 1
4 51 46
12 72 -15
86 82 25
56 24 -36
42 45 -17
17 18 42
7 69 -27
71 90 -5
94 20 -7
88 100 18
58 67 -5
6 14 20
11 41 -27
22 16 49
90 64 -25
69 59 42
84 98 49
53 76 33
4 52 -8
19 60 16
82 43 29
51 96 -12
44 90 46
90 10 19
80 36 -36
17 35 6
81 25 4
48 50 -19
66 49 49
29 93 40
34 2 -6
93 46 -9
25 19 22
70 25 -25
64 93 8
56 61 -11
93 24 22
51 91 26
94 2 -21
61 97 -4
41 86 -2
36 59 40
51 70 -45
55 9 -38
66 91 -20
72 36 -38
85 68 -19
92 63 -41
84 5 -23
74 56 0
28 88 -15
34 63 34
59 49 14
11 73 -2
10 95 5
25 29 -15
17 91 -47
24 89 48
35 97 38
1 98 33
72 26 -3
60 97 -7
80 68 39
89 35 -47
27 7 -22
29 26 24
8 38 -35
12 57 -25
45 31 49
42 92 10
65 70 -39
29 41 37
19 21 15
8 30 20
40 47 -10
23 3 -38
83 5 -6
6
53
