1000
2 3
4 12
5 23
7 6
9 13
19 8
11 47
38 42
10 33
35 14
266 22
179 16
17 15
32 18
27 61
111 44
41 20
21 49
91 31
86 25
24 70
43 26
669 288
34 59
36 29
94 28
37 51
603 79
64 30
298 50
878 125
78 46
39 58
66 92
292 40
166 45
396 65
141 56
148 143
53 96
530 105
121 139
52 85
420 68
48 123
128 74
293 54
72 98
103 55
-1 150
62 57
997 114
115 71
178 232
-1 -1
137 88
644 368
138 87
60 63
67 69
563 77
95 75
101 189
126 73
185 205
682 99
-1 117
267 76
-1 274
93 84
226 334
80 81
648 82
407 83
113 214
373 236
-1 120
381 140
130 90
207 106
116 89
340 132
219 147
-1 110
238 338
97 107
174 102
275 118
-1 206
978 211
-1 392
109 151
104 243
127 160
176 296
523 136
152 229
956 429
119 100
202 156
297 191
171 -1
400 145
149 129
915 112
144 108
861 386
177 159
182 284
146 823
164 124
153 227
170 193
203 131
315 215
614 260
135 154
133 608
262 -1
750 122
155 218
192 201
-1 352
795 281
196 -1
575 378
-1 477
142 186
555 134
-1 283
-1 434
180 -1
158 190
-1 369
426 157
172 162
718 388
542 410
-1 165
649 163
495 724
320 169
510 332
184 430
195 161
-1 167
188 -1
343 619
168 322
667 302
-1 492
393 -1
-1 637
316 432
383 221
212 264
-1 181
282 263
541 247
-1 271
224 452
254 587
251 237
489 474
491 310
175 635
327 -1
173 256
187 234
299 228
252 225
223 210
198 204
622 259
199 -1
348 479
876 -1
349 194
222 329
301 217
197 285
183 448
408 745
235 826
650 -1
200 300
323 -1
321 -1
231 -1
371 -1
653 209
328 -1
414 213
240 255
446 988
367 -1
253 910
399 261
244 -1
-1 242
428 503
927 250
519 331
216 208
992 246
268 248
280 630
-1 403
220 304
314 241
732 364
-1 -1
249 333
230 871
233 548
767 303
395 -1
735 577
816 -1
-1 -1
661 372
547 620
699 -1
-1 347
-1 811
-1 -1
775 273
-1 707
374 245
-1 358
289 586
442 -1
499 413
376 295
467 291
443 286
239 258
311 397
461 513
-1 335
-1 954
-1 287
576 444
-1 265
-1 305
341 634
277 913
415 640
279 387
497 257
-1 294
-1 -1
-1 475
269 -1
278 312
-1 390
957 -1
-1 272
-1 946
402 307
-1 756
350 318
-1 496
342 355
276 336
270 -1
681 594
-1 325
-1 528
-1 -1
583 317
838 494
-1 330
564 -1
484 -1
450 493
772 -1
-1 652
698 -1
-1 -1
363 290
470 406
833 -1
651 411
306 455
-1 377
359 777
923 -1
642 -1
365 659
485 385
-1 451
-1 515
441 572
308 909
313 -1
-1 337
354 326
-1 -1
309 761
-1 -1
535 565
-1 458
-1 375
401 439
-1 688
-1 -1
-1 843
504 532
319 522
789 538
-1 -1
366 -1
379 466
509 324
904 806
454 339
362 481
516 733
725 -1
-1 437
-1 353
-1 351
431 716
468 344
-1 382
-1 460
346 713
-1 629
480 405
464 -1
-1 961
505 -1
658 -1
361 -1
425 -1
-1 472
979 656
-1 -1
404 -1
-1 -1
345 500
456 445
-1 -1
-1 524
844 427
357 389
482 -1
-1 570
-1 646
-1 697
-1 -1
-1 356
-1 849
384 360
-1 -1
449 -1
730 447
-1 440
-1 453
960 412
465 370
-1 -1
926 -1
-1 517
647 554
-1 545
422 597
398 -1
740 -1
-1 -1
380 507
-1 -1
476 -1
-1 970
675 -1
-1 -1
-1 556
-1 621
-1 -1
626 -1
-1 932
-1 553
-1 514
-1 579
537 762
488 416
-1 394
-1 660
391 -1
736 418
589 433
469 -1
-1 949
559 695
463 529
487 438
-1 -1
506 421
-1 457
696 -1
-1 424
633 490
539 581
409 435
935 -1
-1 -1
-1 -1
552 996
-1 726
641 419
883 -1
693 968
788 -1
-1 599
578 417
423 -1
-1 -1
531 -1
562 436
-1 596
471 -1
-1 459
-1 717
-1 508
993 -1
-1 -1
-1 -1
920 540
952 607
-1 -1
-1 818
-1 -1
617 -1
-1 -1
965 -1
534 -1
511 -1
584 -1
551 -1
544 -1
-1 473
864 560
-1 520
567 -1
525 557
-1 502
602 -1
676 -1
784 -1
-1 -1
-1 -1
478 486
483 -1
-1 727
-1 896
798 -1
829 925
-1 462
-1 918
-1 679
657 512
623 643
-1 874
664 -1
967 -1
-1 609
700 -1
-1 747
-1 569
973 -1
590 690
815 -1
574 -1
610 566
955 686
-1 618
921 521
703 809
-1 770
-1 -1
-1 -1
-1 -1
-1 -1
-1 852
931 -1
536 -1
-1 498
595 -1
533 -1
877 804
501 -1
-1 908
518 -1
-1 -1
-1 -1
-1 568
-1 -1
546 683
-1 -1
898 -1
-1 527
738 -1
-1 -1
-1 -1
628 -1
606 -1
-1 636
-1 -1
765 -1
543 -1
-1 710
-1 998
680 -1
-1 -1
558 -1
-1 -1
-1 -1
774 -1
776 -1
561 -1
-1 906
729 550
604 734
-1 526
-1 624
549 -1
-1 995
999 -1
613 971
582 -1
759 -1
-1 872
580 -1
-1 -1
-1 742
-1 744
873 -1
825 -1
-1 -1
714 -1
-1 885
-1 588
-1 615
934 832
671 780
-1 571
-1 -1
-1 -1
-1 -1
752 943
-1 870
593 819
-1 709
-1 -1
-1 757
592 -1
728 -1
631 794
899 -1
-1 -1
-1 -1
662 -1
-1 -1
-1 802
764 741
-1 875
-1 598
639 573
-1 616
677 755
678 -1
612 605
-1 655
-1 663
-1 591
-1 749
907 -1
625 -1
-1 -1
854 -1
-1 585
-1 -1
-1 694
-1 -1
-1 712
601 939
-1 -1
824 -1
708 -1
763 -1
-1 994
670 -1
-1 632
868 711
-1 919
-1 600
-1 687
828 627
-1 611
778 715
723 930
-1 743
-1 673
-1 638
783 863
-1 -1
-1 685
-1 720
-1 -1
-1 684
980 691
721 -1
654 -1
781 790
-1 -1
-1 -1
-1 938
-1 900
668 -1
1000 -1
665 -1
645 839
-1 -1
-1 -1
-1 672
834 836
-1 -1
702 966
737 -1
-1 862
-1 -1
-1 739
-1 779
-1 -1
-1 -1
-1 -1
-1 -1
706 -1
810 936
-1 -1
924 972
-1 -1
-1 -1
666 -1
701 -1
-1 807
800 748
-1 845
879 -1
-1 -1
-1 -1
944 917
719 -1
-1 -1
-1 -1
-1 -1
-1 705
916 866
-1 -1
-1 817
991 -1
801 -1
856 -1
-1 704
-1 -1
674 963
-1 827
751 -1
769 -1
-1 -1
-1 -1
821 746
692 -1
797 -1
-1 841
-1 -1
-1 813
-1 -1
-1 -1
-1 760
947 888
689 -1
-1 -1
-1 912
-1 722
-1 -1
-1 -1
-1 -1
-1 -1
-1 -1
-1 -1
-1 -1
-1 -1
-1 -1
-1 -1
-1 -1
-1 -1
-1 -1
799 -1
754 -1
-1 -1
-1 -1
-1 -1
-1 768
858 -1
-1 914
-1 -1
983 -1
-1 -1
791 731
853 903
-1 -1
-1 -1
-1 766
-1 -1
803 753
-1 -1
-1 -1
-1 962
-1 -1
-1 771
-1 -1
-1 -1
892 -1
-1 977
-1 -1
-1 -1
-1 -1
-1 -1
782 929
-1 758
-1 -1
-1 937
887 -1
-1 -1
-1 -1
785 -1
-1 -1
-1 -1
-1 -1
-1 -1
-1 -1
-1 -1
-1 787
-1 805
-1 -1
-1 -1
-1 -1
-1 -1
-1 -1
-1 -1
-1 -1
-1 -1
792 842
905 -1
-1 773
889 -1
-1 -1
882 -1
-1 -1
-1 -1
-1 -1
-1 -1
-1 -1
-1 -1
850 -1
-1 911
-1 -1
-1 -1
-1 -1
857 -1
-1 976
793 901
-1 -1
-1 869
-1 890
-1 -1
-1 831
-1 -1
-1 796
-1 -1
-1 -1
786 893
-1 895
822 -1
-1 -1
950 -1
897 -1
-1 -1
-1 -1
859 -1
-1 846
-1 -1
840 -1
814 -1
-1 891
-1 -1
837 -1
-1 -1
808 -1
-1 886
-1 -1
-1 985
982 -1
820 -1
-1 -1
812 974
-1 -1
-1 -1
-1 -1
-1 -1
902 -1
860 830
-1 -1
-1 -1
-1 -1
-1 941
-1 -1
894 -1
-1 -1
-1 -1
855 -1
-1 928
-1 -1
-1 847
-1 -1
-1 -1
-1 -1
-1 -1
-1 -1
835 -1
-1 881
865 -1
-1 -1
-1 -1
-1 -1
-1 -1
-1 -1
-1 -1
-1 -1
867 -1
-1 -1
-1 -1
-1 -1
-1 -1
-1 848
-1 -1
922 851
-1 -1
-1 -1
-1 -1
-1 -1
-1 -1
-1 -1
945 -1
-1 -1
-1 -1
-1 964
-1 959
-1 -1
-1 -1
-1 989
-1 -1
-1 -1
-1 -1
-1 -1
-1 -1
-1 884
-1 -1
-1 933
-1 -1
948 -1
-1 -1
880 -1
-1 984
969 -1
-1 -1
-1 -1
-1 -1
-1 -1
-1 -1
-1 -1
-1 -1
-1 -1
-1 -1
-1 -1
-1 -1
-1 -1
-1 -1
-1 -1
-1 -1
-1 -1
986 -1
-1 -1
-1 -1
-1 -1
940 -1
-1 -1
-1 -1
-1 -1
-1 -1
-1 -1
-1 -1
-1 -1
-1 -1
942 -1
-1 -1
-1 -1
-1 -1
981 951
-1 -1
-1 -1
-1 -1
-1 -1
-1 -1
-1 -1
-1 -1
-1 -1
-1 -1
-1 -1
-1 -1
-1 -1
-1 -1
-1 -1
-1 -1
-1 -1
-1 -1
-1 -1
-1 -1
-1 -1
-1 -1
-1 -1
-1 -1
-1 -1
-1 -1
-1 -1
-1 -1
-1 -1
-1 -1
-1 -1
-1 -1
-1 -1
-1 -1
-1 -1
958 -1
-1 953
-1 -1
-1 -1
-1 -1
-1 -1
-1 -1
-1 -1
-1 -1
-1 -1
-1 -1
-1 -1
-1 -1
-1 975
-1 -1
-1 -1
-1 -1
-1 987
-1 -1
-1 -1
-1 -1
-1 -1
-1 -1
-1 -1
-1 -1
-1 -1
-1 -1
-1 -1
-1 -1
-1 -1
-1 -1
-1 990
-1 -1
-1 -1
-1 -1
-1 -1
-1 -1
-1 -1
-1 -1
-1 -1
-1 -1
-1 -1
-1 -1
-1 -1
-1 -1
-1 -1
-1 -1
-1 -1
-1 -1
-1 -1
-1 -1
-1 -1
-1 -1
-1 -1
-1 -1
