500
4 2
3 7
5 238
8 6
20 65
16 10
18 193
14 9
11 123
12 13
68 32
28 70
21 15
17 187
23 24
25 78
22 98
19 50
49 465
31 152
60 27
26 172
30 39
128 37
-1 35
29 260
115 209
84 53
36 57
83 74
45 185
34 33
38 217
58 122
178 59
40 -1
42 41
77 113
66 44
73 199
55 64
43 205
67 -1
46 166
47 92
48 -1
51 62
69 134
54 487
112 320
52 61
76 -1
71 -1
56 -1
97 311
72 121
80 231
95 168
63 -1
120 176
79 105
85 342
261 -1
299 91
163 -1
-1 164
228 93
-1 165
81 175
101 324
75 -1
88 -1
103 89
116 436
151 100
96 143
87 -1
108 313
133 401
136 82
94 117
416 203
86 -1
99 90
114 169
109 104
195 -1
-1 385
125 405
-1 389
-1 155
196 303
284 213
102 -1
106 130
144 -1
271 148
246 334
382 377
132 110
129 -1
210 -1
282 -1
-1 -1
-1 161
124 107
177 285
111 142
197 258
225 118
280 127
150 -1
420 131
119 -1
138 375
286 397
126 174
235 372
207 -1
170 -1
160 -1
366 147
159 -1
-1 173
145 162
180 190
-1 204
137 -1
-1 189
233 -1
229 344
135 247
157 212
140 182
149 240
194 -1
-1 139
156 288
323 141
-1 -1
-1 -1
158 -1
153 -1
146 -1
-1 -1
222 -1
-1 -1
427 181
167 -1
154 223
429 -1
399 -1
391 -1
-1 186
242 433
208 171
-1 241
462 283
321 224
272 268
432 237
-1 331
-1 202
183 211
214 251
-1 369
-1 287
-1 200
-1 -1
252 179
-1 -1
-1 192
481 341
454 230
218 -1
356 -1
-1 434
184 316
245 295
-1 307
188 -1
-1 -1
239 347
-1 453
-1 -1
254 -1
206 350
358 279
191 -1
-1 -1
292 236
297 255
198 -1
-1 215
-1 250
-1 -1
357 -1
269 318
219 -1
201 267
248 -1
-1 243
-1 232
266 451
493 361
220 -1
466 339
-1 305
406 -1
244 275
-1 216
-1 373
-1 226
221 265
257 -1
290 304
234 253
-1 354
227 -1
325 -1
-1 -1
-1 -1
-1 289
-1 249
270 477
332 425
355 -1
408 491
293 262
-1 -1
291 -1
-1 314
-1 264
-1 330
278 444
-1 392
370 259
-1 343
-1 -1
-1 274
319 386
407 -1
302 310
378 365
276 -1
-1 -1
-1 447
-1 338
-1 273
463 296
476 317
-1 394
256 402
281 421
422 -1
-1 374
-1 -1
400 -1
-1 333
263 294
298 353
-1 277
-1 -1
-1 -1
-1 328
-1 -1
-1 351
-1 -1
306 -1
460 -1
-1 -1
-1 -1
336 -1
327 -1
-1 335
-1 -1
-1 -1
326 471
393 -1
322 438
-1 -1
496 495
-1 396
-1 315
-1 352
-1 -1
-1 340
-1 410
367 -1
301 -1
-1 395
-1 443
337 -1
-1 411
-1 423
371 300
381 387
312 368
-1 376
-1 -1
-1 309
467 -1
-1 -1
-1 363
430 -1
-1 308
-1 482
-1 469
-1 -1
-1 362
-1 -1
-1 -1
-1 -1
-1 -1
-1 -1
-1 -1
-1 -1
-1 360
-1 -1
-1 -1
428 -1
484 345
459 -1
359 -1
439 -1
-1 -1
-1 -1
329 -1
379 -1
-1 380
-1 -1
-1 -1
364 413
-1 -1
-1 -1
-1 -1
441 346
348 -1
-1 -1
-1 -1
-1 349
-1 -1
-1 -1
388 -1
-1 424
435 -1
-1 -1
-1 -1
-1 -1
-1 -1
-1 -1
-1 -1
-1 -1
483 403
-1 426
-1 -1
-1 -1
-1 452
-1 -1
-1 -1
458 -1
-1 464
384 -1
-1 -1
448 -1
-1 -1
-1 404
417 -1
-1 -1
390 -1
-1 -1
-1 -1
-1 414
418 -1
449 -1
-1 -1
-1 470
-1 -1
-1 -1
486 -1
-1 -1
383 -1
-1 -1
-1 -1
-1 -1
456 -1
419 -1
-1 -1
490 -1
-1 -1
-1 -1
-1 -1
-1 409
-1 -1
445 -1
398 -1
-1 -1
-1 450
-1 -1
-1 494
-1 -1
-1 437
473 -1
-1 -1
-1 -1
-1 468
-1 412
-1 -1
-1 -1
-1 415
-1 -1
-1 455
431 -1
-1 -1
461 -1
475 -1
-1 -1
-1 -1
-1 -1
-1 -1
440 -1
-1 -1
489 -1
-1 442
474 -1
-1 -1
485 -1
-1 -1
480 -1
-1 -1
-1 -1
446 -1
-1 -1
-1 -1
-1 -1
-1 -1
-1 -1
-1 -1
-1 -1
-1 -1
-1 -1
-1 -1
497 -1
478 -1
-1 -1
-1 -1
-1 -1
-1 -1
-1 -1
-1 -1
-1 -1
-1 -1
-1 -1
-1 -1
-1 -1
-1 457
498 -1
-1 -1
-1 -1
-1 -1
-1 -1
-1 -1
492 -1
-1 -1
499 -1
-1 500
-1 -1
472 -1
-1 -1
-1 -1
-1 -1
479 -1
-1 -1
-1 -1
-1 -1
-1 -1
-1 -1
-1 -1
-1 -1
-1 -1
-1 -1
488 -1
-1 -1
-1 -1
-1 -1
-1 -1
-1 -1
-1 -1
-1 -1
-1 -1
-1 -1
-1 -1
-1 -1
-1 -1
-1 -1
-1 -1
-1 -1
-1 -1
-1 -1
-1 -1
