3000
3 2
4 5
7 9
12 110
6 26
17 11
8 15
20 10
23 54
13 18
31 40
14 112
21 16
22 90
35 29
30 19
27 63
28 79
211 242
24 58
87 32
41 47
25 43
62 36
1155 74
78 34
1435 51
56 33
107 779
42 39
474 37
48 178
60 38
50 45
84 321
163 142
46 71
125 167
88 313
73 55
59 715
44 139
95 224
256 57
85 61
52 404
49 487
143 103
75 422
83 72
276 66
323 53
324 187
2777 490
98 65
91 379
116 610
162 121
70 64
93 96
69 80
217 229
67 113
1529 106
68 165
148 599
286 123
77 104
322 81
176 735
130 82
980 1272
86 140
114 119
115 76
157 117
92 237
271 89
120 297
173 503
363 127
94 246
99 234
109 545
101 168
146 144
183 377
1256 155
364 299
137 359
97 102
122 160
136 194
499 522
118 100
289 497
193 151
181 132
381 1615
1586 1511
166 203
1680 314
105 171
287 108
-1 307
200 133
152 184
206 281
565 253
111 369
149 1309
201 126
134 743
264 338
373 259
124 477
182 345
365 170
336 199
214 179
129 288
255 128
131 1756
145 446
466 302
164 291
558 186
607 293
174 2024
180 252
135 147
571 141
153 189
188 -1
216 190
138 294
248 -1
150 195
347 375
318 788
348 269
207 346
415 158
156 241
442 489
198 1469
233 -1
227 669
1618 223
2248 218
339 154
196 169
209 254
548 -1
161 892
220 172
225 1703
159 405
538 374
310 -1
953 175
1316 215
309 789
312 267
219 326
325 316
197 394
226 1044
1039 239
553 177
192 549
385 665
221 301
250 352
342 1540
292 366
185 296
202 2461
732 266
907 895
230 327
245 1287
243 204
1937 539
212 641
371 344
-1 231
-1 191
668 282
317 734
210 208
232 755
240 635
213 320
491 205
2410 -1
455 332
305 388
463 396
362 677
502 621
249 524
630 228
280 -1
222 -1
2123 899
1021 319
-1 268
262 263
372 930
236 1397
483 260
560 298
-1 304
825 295
431 383
666 265
279 1106
261 2719
644 235
331 340
551 807
399 421
-1 308
273 1281
575 698
2870 426
378 -1
-1 473
387 244
444 -1
247 258
996 835
469 709
357 238
660 685
865 449
579 465
436 334
270 360
-1 283
275 452
778 1348
511 472
-1 -1
284 251
969 531
-1 257
777 420
425 674
1999 1329
355 616
1479 -1
919 432
285 330
1885 725
625 290
333 623
1196 480
2185 1803
278 500
600 970
1785 -1
300 351
419 -1
945 272
2107 391
274 880
603 397
358 758
590 944
559 556
460 277
412 512
368 376
417 509
448 654
1159 341
587 994
529 -1
353 398
1905 328
1161 810
816 573
1748 873
1461 2172
-1 640
639 1066
546 692
1668 303
1358 367
507 1630
702 859
1445 1372
688 386
519 -1
392 423
315 390
-1 517
-1 963
799 727
645 382
728 1542
306 706
416 311
915 -1
901 1148
2967 1276
430 2877
-1 370
1873 461
1474 389
343 722
772 -1
441 482
675 350
1230 335
329 633
400 337
1514 458
896 956
475 738
2202 535
1355 1425
-1 361
690 1437
1194 492
629 1049
443 926
891 547
464 395
356 427
447 1334
435 2908
989 410
562 467
1047 988
495 1834
-1 -1
1883 1842
840 462
494 624
2824 632
763 525
-1 1113
409 1739
380 349
1574 606
2563 504
-1 534
453 354
-1 406
-1 393
-1 476
536 724
577 -1
574 -1
657 -1
445 1229
-1 428
1902 964
830 1817
1164 918
602 581
834 1376
501 403
2770 801
693 851
811 588
-1 1259
2470 1025
413 572
580 1035
401 647
-1 -1
411 609
1062 414
928 1023
931 521
708 384
854 951
457 2088
796 699
976 1235
471 454
485 543
1750 1554
434 594
537 1053
1051 649
1464 2554
1111 714
794 498
2133 802
-1 -1
2621 -1
1572 402
439 496
1068 515
456 -1
-1 717
408 850
407 870
418 -1
-1 651
1766 481
1385 823
568 1771
433 -1
934 697
1080 468
-1 1158
658 437
530 528
429 1730
946 948
605 1032
583 -1
440 424
-1 754
555 451
858 -1
2898 2674
-1 478
820 450
1679 1662
838 589
-1 2699
527 -1
2834 -1
510 929
2406 544
488 1140
1109 1483
438 -1
672 1643
-1 564
-1 520
652 -1
1553 -1
-1 2817
737 695
550 2245
-1 557
1773 -1
508 2064
585 2802
2457 -1
1565 661
749 2381
532 595
1125 932
950 849
1011 484
459 493
756 563
691 1335
1796 1592
542 479
705 584
1072 1131
-1 592
745 1946
814 757
470 1279
730 673
-1 744
-1 2490
1027 -1
908 857
505 576
1367 1246
821 611
643 1375
514 2789
781 486
-1 1263
655 751
955 -1
1146 506
516 776
518 653
761 513
-1 740
902 -1
-1 552
1064 -1
1916 -1
1637 1209
-1 2195
962 664
526 2318
1886 2427
637 868
1293 1526
2264 -1
2402 701
567 566
-1 720
1446 1571
747 941
1721 683
894 1141
1573 -1
1251 921
1418 593
597 -1
570 1550
1018 1866
1580 710
-1 631
569 1168
614 1782
596 -1
-1 684
716 1069
646 -1
-1 1786
1711 1220
-1 -1
2792 523
670 615
676 1290
1265 860
541 627
-1 1922
561 2797
806 1204
533 540
1343 2335
650 1233
608 1014
-1 995
-1 943
1440 1214
638 598
2541 686
659 750
667 1566
626 1302
618 871
1595 910
582 678
1070 -1
642 1601
847 1490
1243 1029
601 591
752 848
773 682
578 -1
554 1008
689 966
-1 1176
1463 855
832 1179
1810 997
586 866
1117 726
2305 920
804 1632
-1 739
741 913
1092 1076
-1 845
619 1914
1223 764
1081 1108
604 636
2713 1078
721 831
1984 -1
-1 824
-1 634
2291 2301
1661 889
1007 622
-1 -1
2319 1838
936 1028
1687 792
818 -1
680 1798
1308 984
617 1403
909 1477
843 760
2077 1353
2876 1040
620 -1
1710 1366
-1 1193
1417 1998
1119 2810
648 1285
723 -1
981 687
-1 954
628 1188
1286 1079
768 898
-1 656
885 -1
875 612
947 663
1961 -1
-1 -1
-1 613
769 795
1694 1582
1747 1888
1086 694
711 -1
1095 967
736 -1
1576 1890
1282 1325
925 2779
748 1088
679 2025
731 2914
878 1065
1324 2982
861 1509
-1 -1
1139 906
-1 -1
827 884
671 2539
759 1036
1979 1311
-1 815
863 924
-1 939
2492 -1
771 972
1218 -1
1470 800
-1 765
-1 1186
1004 826
927 828
1485 662
911 719
793 1909
961 2353
1971 681
888 1579
770 869
-1 -1
700 1133
-1 817
809 2537
852 -1
1093 712
798 1993
2166 -1
965 1537
2031 1145
-1 1450
1444 -1
-1 2240
1539 782
1017 2048
-1 707
742 1248
2293 729
912 808
881 1257
999 -1
1342 979
766 -1
2281 991
2765 2560
978 -1
983 2061
-1 1985
-1 1219
1331 1171
784 2401
1741 -1
864 1447
-1 1864
704 -1
-1 -1
1201 -1
1872 -1
713 -1
-1 -1
703 -1
696 1129
-1 1089
867 872
856 1357
1063 -1
1199 774
-1 1599
1048 2780
1059 1742
-1 1904
1519 -1
922 1667
2791 -1
1845 1932
1860 787
783 1676
1460 762
2208 813
1172 746
2615 1443
-1 -1
897 733
1284 1626
718 2695
753 1495
2254 1327
-1 -1
890 -1
1853 2237
-1 1301
1697 2296
1783 842
886 1003
1856 1031
-1 -1
-1 -1
1384 1377
1012 -1
2051 1177
775 2228
844 905
2148 2356
819 -1
1055 -1
2999 2001
-1 1634
1009 -1
822 -1
2260 1237
780 837
937 935
1829 785
-1 1217
1871 2214
-1 1156
-1 971
-1 786
1165 1020
1426 1024
2843 833
1154 791
938 2047
1419 -1
862 -1
1126 767
2307 -1
839 -1
1498 1191
973 -1
1056 -1
959 1792
2562 1855
1132 1639
-1 846
1315 2285
1936 -1
-1 -1
1247 -1
2816 1144
1052 1949
-1 916
1700 1170
2733 -1
1083 1202
1551 1688
-1 1116
-1 1587
-1 2203
790 -1
1767 1534
960 -1
1271 1849
-1 797
1812 841
1103 1211
1082 2044
2971 1167
-1 803
1827 -1
1310 -1
1101 1453
1964 -1
1118 1502
1859 -1
812 990
1128 -1
1033 1736
-1 805
829 -1
2848 1987
949 1295
1296 -1
2280 1524
1015 2023
-1 1421
1589 -1
874 -1
2887 2354
1763 -1
-1 -1
1799 876
1005 -1
-1 1183
2057 2191
-1 -1
1151 853
1058 887
-1 968
1510 1050
1212 -1
2206 1112
-1 1034
-1 1707
1458 -1
900 1795
958 2126
917 2795
879 2140
2521 1507
1878 1503
2006 1430
883 -1
1203 1467
836 1652
1298 -1
-1 1378
-1 1617
1941 -1
2210 1197
-1 -1
1258 1300
1757 923
1518 940
2236 -1
-1 942
1262 1452
-1 -1
1162 1115
2990 -1
1713 2720
-1 2519
1255 1743
-1 1546
1512 2622
-1 -1
1305 1839
2463 -1
1291 -1
1102 -1
1085 1809
1934 1192
992 -1
957 2222
-1 1811
2070 882
-1 1719
2825 1836
2872 1957
1169 903
1575 -1
-1 2139
877 1640
893 1221
-1 1001
1963 -1
-1 -1
2912 -1
-1 1157
1087 2211
2869 -1
-1 -1
-1 1696
2085 1339
-1 2675
2192 1346
1516 1778
1497 952
2007 1090
1923 1818
1441 1496
904 -1
1174 -1
1857 2913
2595 2467
1077 1013
1124 1513
1494 -1
-1 -1
1249 2165
-1 1487
933 1791
-1 1351
-1 986
-1 2985
1404 -1
1320 1019
2480 2013
1708 -1
1075 1006
1226 1071
914 -1
993 2515
-1 2349
1002 1105
-1 -1
1074 1337
-1 1413
2459 1386
1037 1780
1520 1043
-1 -1
-1 1163
1549 1428
1227 1182
-1 1010
1134 1379
1607 1606
1022 1317
2766 -1
2506 -1
-1 1614
-1 1173
2333 1073
-1 1420
1624 974
-1 -1
2639 1142
2135 2778
-1 -1
1123 2867
2190 1100
-1 -1
-1 985
1488 -1
-1 -1
2000 977
-1 -1
1275 1354
1292 -1
982 -1
1030 -1
1924 1061
1312 1356
1181 998
-1 -1
-1 -1
2069 1594
-1 -1
2709 975
-1 -1
1950 1410
1847 1242
-1 -1
2279 987
1911 -1
1120 1501
1655 2022
1976 -1
-1 1046
2494 1751
-1 1208
2987 -1
-1 1304
-1 1107
-1 -1
2931 1906
1328 -1
1365 2255
2458 1867
2800 1252
-1 -1
2911 1185
1000 1289
2212 2153
-1 -1
2213 -1
-1 1277
-1 1577
1717 1143
1564 2464
-1 -1
1412 1800
1232 -1
1647 1814
1041 -1
1094 1638
2244 2743
1110 1189
1121 2011
-1 -1
1038 -1
1045 2343
1042 2473
1702 1016
1456 1187
2162 1135
-1 2466
-1 1405
1026 1382
-1 1978
2671 -1
-1 1057
1411 1099
-1 1340
1332 1989
-1 1307
1598 -1
1207 1813
-1 -1
1067 2290
-1 -1
1060 2672
-1 2312
2262 2868
-1 1894
1675 1646
2901 1761
2921 -1
-1 1387
2058 2269
-1 -1
2485 1407
-1 -1
-1 -1
2534 1250
2525 1724
-1 1122
1206 -1
-1 1096
1690 -1
2553 2071
-1 1533
1091 1531
1805 1438
1527 2278
1198 2205
1054 1720
1084 2941
-1 1953
1147 -1
1231 -1
-1 -1
1424 1396
1995 -1
-1 -1
2497 1666
-1 -1
1278 -1
2721 2215
1294 -1
-1 1234
-1 1968
-1 2546
2365 -1
2292 1136
1600 1955
1588 -1
1547 1462
2235 1360
1216 -1
1737 2482
1402 2645
1952 2408
1852 -1
1749 1104
-1 1127
-1 1735
1891 -1
-1 1254
1318 1178
1222 -1
2801 1616
1819 1225
2275 1097
2035 1098
1274 1241
1213 -1
2503 1150
1160 -1
1552 -1
2601 2026
-1 -1
-1 1434
1491 1114
1399 -1
-1 -1
2284 1166
2167 1130
-1 -1
1190 1288
1303 1175
-1 2947
-1 1240
1758 -1
1612 1137
2509 1267
2474 -1
2270 -1
-1 2020
1816 1544
-1 1149
1152 1138
-1 1374
-1 -1
2964 2768
2518 2332
1344 -1
-1 1657
-1 1380
-1 1788
-1 1180
-1 2575
1605 2558
-1 1215
-1 2454
-1 -1
-1 1563
2168 2298
1457 1997
-1 -1
1436 -1
-1 1361
-1 -1
2654 -1
1270 2785
2614 1269
1224 1752
2533 2391
2579 2448
1631 1875
-1 -1
1228 1754
1431 -1
-1 2098
-1 -1
-1 1153
-1 2099
1651 1899
-1 1184
2831 1415
1815 2838
-1 1523
-1 -1
1416 -1
1522 2068
2650 1210
1543 -1
-1 -1
1828 -1
1236 1266
1740 1745
2965 2545
2372 -1
-1 1698
2229 -1
-1 -1
1611 1648
2472 1273
1326 1306
1948 -1
-1 1499
-1 -1
-1 1622
-1 2512
2033 1321
1709 1635
1195 1475
1433 1314
1530 1260
-1 1323
2079 1239
1390 1200
-1 2606
2487 1297
-1 2234
1654 -1
1322 -1
1336 1395
-1 2453
1338 -1
-1 -1
-1 -1
1939 -1
-1 -1
-1 1826
1370 1478
1238 1473
2618 -1
1408 1685
1268 -1
2586 1898
-1 1753
1283 2903
1465 1205
-1 1393
1389 2028
2449 -1
-1 2865
2561 1244
-1 2002
-1 -1
1689 -1
1280 1345
-1 1962
1642 1368
-1 -1
1665 -1
1299 -1
-1 1802
2094 1398
1369 -1
2905 2004
1671 1746
1558 1837
2382 2176
2164 1442
-1 -1
-1 -1
2698 1644
1623 1664
-1 1560
2605 -1
1245 1610
-1 1808
2127 -1
1784 1414
-1 -1
1650 -1
2150 1556
2009 1466
2821 2814
1731 -1
2764 -1
-1 2336
1820 -1
2844 2550
2171 -1
1471 1253
-1 -1
-1 -1
1341 1858
-1 -1
-1 2571
1364 -1
-1 -1
-1 2348
-1 -1
1261 2433
-1 2096
-1 -1
2462 -1
1264 -1
1970 1383
1645 1794
-1 1960
2045 -1
1359 -1
-1 1439
1349 -1
1363 -1
1919 1760
-1 1570
-1 1734
2227 -1
-1 1797
2689 1954
1517 1362
1423 -1
2029 1455
-1 1319
2839 1933
2745 1726
1486 1931
2996 1716
-1 1400
2636 -1
-1 -1
-1 -1
-1 1733
2183 1373
2939 1493
-1 1476
1764 -1
-1 -1
-1 1776
-1 -1
2090 1865
1350 1701
-1 2179
1521 1352
2131 1768
1330 2200
1775 2694
1958 -1
-1 -1
-1 1658
1313 1889
-1 1981
1562 1392
1583 1681
1388 1429
-1 -1
-1 1807
1406 2986
-1 1525
1538 -1
-1 1347
2469 1506
-1 -1
-1 1515
1333 -1
-1 1781
1381 1371
-1 -1
2288 2065
2646 2960
1804 2238
-1 1489
2477 -1
-1 -1
2422 2323
-1 -1
-1 2520
-1 2207
1422 1492
1609 2052
-1 2321
-1 -1
2128 -1
-1 1686
1401 1907
-1 -1
-1 -1
1567 2604
1695 -1
2328 1504
2180 1974
2060 -1
2311 -1
2415 1557
1451 -1
-1 -1
1843 -1
-1 1394
1670 2592
-1 -1
1449 -1
1656 1684
2224 -1
-1 -1
2315 1602
2647 2132
-1 -1
2250 1943
-1 1409
2233 -1
2447 1432
1391 2842
-1 -1
2386 2017
2043 2849
1427 1727
2924 -1
1925 -1
-1 -1
2118 -1
1536 1691
-1 1674
2726 -1
-1 -1
-1 -1
1593 -1
-1 1535
-1 -1
-1 -1
1472 -1
-1 -1
-1 -1
1917 1840
1699 -1
-1 -1
1903 -1
1480 2451
2267 2555
-1 -1
1454 1482
1468 1947
-1 -1
-1 -1
1769 -1
-1 -1
-1 -1
-1 1705
2122 2628
2078 2114
2434 1879
-1 -1
-1 -1
2596 1967
-1 1636
1918 -1
-1 1868
-1 1744
-1 -1
1789 1738
2141 2054
-1 -1
1505 -1
-1 -1
-1 -1
1988 -1
-1 -1
1821 2080
1484 2005
2115 -1
-1 -1
-1 2042
-1 -1
2383 -1
-1 -1
-1 2376
-1 -1
2342 2304
2324 1608
-1 2735
-1 -1
1823 1613
-1 -1
-1 2014
1621 1448
1940 -1
-1 2181
-1 1854
1908 1459
-1 -1
1673 2361
2856 -1
-1 -1
2142 2145
-1 -1
-1 2173
2116 1591
-1 1973
2010 1528
2177 -1
-1 -1
1568 -1
-1 -1
2334 -1
1772 -1
1590 -1
2306 2217
-1 -1
-1 -1
2714 1559
-1 -1
2257 -1
2326 -1
2310 -1
1481 -1
1584 -1
-1 1755
1500 2897
1578 -1
1541 -1
1851 -1
1597 -1
1712 -1
2634 2774
2169 1659
2841 2359
-1 2676
2936 1508
1620 -1
-1 -1
-1 -1
2256 -1
-1 1561
-1 -1
1649 -1
1596 -1
-1 2050
1555 1706
-1 -1
-1 1714
-1 -1
1585 -1
-1 1545
1532 1633
-1 -1
2577 2134
-1 -1
-1 -1
-1 -1
-1 2294
1956 1604
-1 1777
-1 -1
-1 -1
-1 -1
2067 -1
-1 1715
2712 2452
2761 1779
2170 1678
1944 2274
2130 -1
2756 1930
1548 -1
-1 2374
-1 -1
1682 -1
-1 -1
2154 2225
-1 1945
1653 2727
1959 2258
2041 2784
-1 1627
1841 2194
-1 1951
2662 1625
-1 -1
-1 2617
-1 2039
-1 -1
1660 -1
-1 -1
2196 -1
1877 1966
-1 -1
-1 -1
-1 -1
2184 1825
2882 1991
2124 1793
-1 1581
-1 -1
-1 -1
1718 2411
2455 -1
-1 -1
-1 -1
2576 1723
1672 -1
-1 2752
1569 2500
-1 -1
2081 2151
1920 -1
-1 1722
2289 1641
-1 -1
-1 -1
2661 2157
2138 -1
-1 2295
-1 -1
2375 1929
2015 -1
2505 -1
-1 -1
-1 2958
1980 -1
-1 -1
1693 -1
-1 2370
-1 -1
-1 -1
-1 1683
2363 -1
1603 -1
2120 -1
-1 2027
-1 -1
2303 -1
1619 -1
1677 2549
1863 -1
-1 2902
1669 2420
-1 2895
-1 -1
2089 2706
2265 -1
-1 -1
-1 -1
-1 2066
1629 1912
2092 -1
-1 -1
1862 2059
2424 -1
-1 2762
1915 2241
-1 2389
2852 -1
-1 2272
2759 -1
2861 -1
-1 -1
2073 -1
-1 2529
2845 1628
2832 -1
-1 -1
-1 -1
-1 -1
2933 -1
-1 -1
2683 -1
2769 -1
-1 1910
2379 -1
1880 1692
1663 -1
2104 -1
-1 -1
2325 -1
-1 -1
1881 -1
2446 -1
2320 -1
2969 2187
1759 -1
2918 2414
-1 2439
2314 2019
-1 1729
-1 -1
-1 2860
-1 -1
2129 -1
2412 2627
1830 2923
-1 -1
1806 2271
2261 2368
-1 -1
-1 -1
2944 1965
-1 -1
-1 -1
-1 2922
1787 2643
-1 2300
-1 -1
-1 -1
-1 1728
-1 -1
-1 -1
-1 -1
-1 -1
2084 -1
-1 1893
-1 2108
2231 -1
-1 -1
-1 2158
1850 -1
-1 -1
-1 -1
-1 -1
-1 -1
2018 1835
1770 -1
-1 2953
-1 -1
1982 1822
2034 2854
-1 2976
2072 -1
-1 1938
-1 2309
-1 -1
-1 2565
-1 2103
-1 2465
1983 -1
-1 1704
-1 -1
-1 -1
-1 -1
2331 2929
-1 -1
-1 -1
-1 -1
1833 -1
1900 2119
2161 2155
-1 -1
-1 -1
-1 -1
-1 -1
-1 -1
-1 2327
1994 -1
-1 2299
-1 2940
-1 2369
2723 1732
2846 2003
1725 -1
2273 -1
2373 -1
2536 2399
-1 2143
1992 -1
-1 -1
2338 -1
-1 -1
2125 1975
-1 -1
-1 2559
-1 -1
2243 -1
2012 -1
-1 -1
-1 -1
2880 1790
2197 -1
2450 2316
1762 -1
2484 -1
1892 -1
-1 -1
2163 -1
-1 -1
-1 -1
1901 -1
-1 -1
2531 -1
2046 -1
2037 2744
1774 2056
-1 1897
-1 -1
-1 -1
2599 -1
-1 2804
-1 -1
1870 1765
2364 -1
-1 1801
-1 -1
2160 -1
2416 2632
2049 -1
1882 -1
1996 -1
-1 -1
-1 -1
2479 -1
-1 2055
-1 -1
2588 -1
-1 1926
1927 -1
2593 -1
2390 -1
-1 -1
1846 2678
2341 -1
2036 2282
1895 2405
2608 -1
2568 2980
2809 1876
2174 -1
2429 -1
-1 -1
2787 -1
1832 2892
-1 2682
2230 2223
-1 -1
-1 -1
-1 -1
-1 -1
1848 -1
2417 -1
-1 -1
-1 -1
-1 -1
-1 1831
2063 -1
2886 2707
-1 -1
-1 -1
2253 -1
-1 2339
2544 -1
1861 -1
-1 -1
-1 -1
-1 -1
2853 -1
2613 2580
-1 -1
-1 -1
1913 1869
-1 2407
1896 -1
-1 -1
2083 1942
-1 2121
-1 -1
2692 -1
-1 2367
2442 -1
-1 2193
1824 -1
-1 1844
2640 -1
-1 -1
-1 -1
2074 -1
2738 -1
-1 2144
2075 1921
2087 -1
-1 -1
-1 2189
2247 -1
-1 -1
2105 -1
-1 -1
2830 -1
-1 2362
2109 -1
-1 -1
-1 2308
-1 2111
2471 -1
-1 -1
-1 -1
-1 1977
-1 2910
-1 2152
1935 1884
-1 2619
-1 -1
-1 2590
2093 -1
2491 2101
2812 -1
-1 1972
-1 2371
-1 2732
2945 -1
2430 -1
1874 1928
1887 -1
-1 2425
-1 -1
-1 2322
-1 2928
2889 -1
-1 2276
-1 -1
2507 1969
-1 -1
-1 -1
-1 -1
-1 -1
-1 -1
-1 -1
2377 -1
-1 2347
-1 2156
-1 -1
-1 2426
2475 2624
-1 2106
-1 2874
-1 2609
-1 2435
-1 -1
-1 -1
2385 2956
-1 2742
2946 -1
2178 -1
-1 -1
-1 -1
2030 2082
2556 -1
-1 2799
-1 -1
-1 -1
2182 -1
2232 -1
-1 2847
-1 1986
-1 -1
1990 2711
-1 -1
-1 -1
-1 2218
-1 -1
2811 -1
-1 -1
-1 -1
2110 -1
-1 -1
-1 -1
-1 -1
-1 2221
-1 -1
2803 2584
-1 -1
-1 -1
2547 2476
2532 -1
-1 -1
-1 -1
-1 -1
2516 -1
-1 -1
-1 -1
2665 2786
2513 2587
-1 -1
2268 -1
-1 2008
-1 -1
-1 -1
2220 -1
-1 2021
2597 -1
2807 2760
2112 2602
-1 2403
2788 -1
-1 2715
-1 -1
-1 -1
2219 -1
-1 -1
2286 -1
2690 -1
-1 -1
-1 -1
-1 2053
-1 2815
-1 2837
-1 -1
2175 -1
2557 2198
2380 -1
-1 -1
2456 2395
-1 2468
-1 -1
-1 2418
2793 2981
-1 2984
2392 -1
2666 -1
-1 2352
-1 -1
-1 -1
-1 -1
2686 -1
-1 -1
-1 -1
2302 -1
-1 -1
2095 2040
-1 2428
2404 2688
-1 2038
2629 2313
-1 -1
-1 2378
-1 2798
2330 -1
-1 2091
-1 -1
-1 -1
-1 -1
-1 -1
-1 -1
-1 2016
2948 2934
-1 2100
-1 -1
2345 2357
2251 2259
2409 -1
-1 -1
2032 -1
-1 2728
2239 2808
-1 -1
-1 2722
-1 -1
-1 -1
-1 -1
-1 2589
-1 -1
-1 2538
2102 2086
-1 -1
-1 2188
-1 -1
2340 -1
-1 2630
2149 -1
-1 2978
2790 -1
2642 -1
2691 -1
-1 2137
2524 -1
-1 -1
-1 -1
-1 -1
2388 -1
-1 2062
2755 -1
-1 -1
-1 -1
-1 2226
-1 -1
-1 -1
-1 2186
2511 -1
-1 -1
2201 2366
2337 -1
-1 -1
-1 -1
-1 -1
-1 -1
-1 -1
-1 2488
2076 -1
-1 -1
2146 -1
-1 -1
-1 -1
-1 2749
-1 2136
2117 2113
2578 2767
-1 -1
-1 -1
-1 2528
-1 -1
-1 2440
-1 -1
-1 -1
-1 2097
2909 2748
-1 -1
2917 -1
-1 -1
2952 2147
-1 -1
2502 -1
-1 -1
2680 -1
-1 -1
-1 2730
-1 -1
-1 2530
-1 2159
-1 -1
-1 -1
-1 -1
-1 -1
-1 -1
-1 -1
2670 -1
2508 -1
-1 -1
-1 2651
-1 -1
-1 -1
2350 2445
-1 -1
2806 -1
-1 -1
2603 -1
-1 -1
2297 -1
-1 -1
-1 -1
-1 -1
-1 -1
2994 2660
2926 -1
-1 2209
-1 -1
2387 -1
-1 -1
-1 -1
-1 -1
2657 2907
-1 -1
-1 -1
-1 2486
-1 2644
2966 -1
-1 2249
-1 -1
-1 -1
-1 2751
-1 -1
2652 -1
-1 2246
-1 -1
-1 -1
-1 -1
-1 2242
-1 -1
-1 -1
-1 -1
-1 -1
-1 -1
-1 -1
-1 -1
2283 -1
2970 -1
-1 -1
2277 -1
-1 -1
-1 -1
-1 -1
-1 -1
2700 2740
2612 -1
-1 2483
-1 -1
-1 -1
-1 -1
-1 -1
-1 -1
-1 -1
2623 2443
2199 -1
2818 -1
-1 -1
-1 -1
-1 -1
-1 -1
-1 2526
-1 -1
-1 2649
2569 -1
-1 -1
-1 -1
-1 -1
-1 -1
2384 -1
-1 -1
-1 -1
2746 -1
-1 -1
2397 -1
2398 2432
-1 -1
2833 2794
-1 -1
-1 2781
-1 -1
2252 2851
-1 -1
2421 -1
-1 -1
-1 -1
2724 -1
2216 -1
-1 -1
2829 -1
-1 2697
-1 2696
-1 -1
-1 2687
-1 2393
2346 -1
-1 -1
-1 -1
-1 -1
-1 -1
2493 -1
-1 -1
-1 -1
-1 -1
2396 -1
-1 2204
-1 -1
-1 2436
-1 -1
2523 -1
-1 -1
2585 2355
-1 -1
-1 -1
2572 2648
-1 -1
-1 2992
-1 -1
-1 -1
2935 -1
2891 -1
-1 -1
-1 -1
-1 -1
-1 2517
-1 2540
2737 -1
-1 -1
2702 -1
-1 -1
-1 -1
-1 -1
-1 2351
-1 -1
-1 -1
2641 -1
2501 -1
-1 -1
-1 2864
-1 -1
2564 -1
-1 2566
2266 -1
-1 2329
-1 -1
2498 -1
-1 2904
2287 2263
2522 -1
-1 -1
-1 -1
-1 2731
-1 -1
-1 -1
-1 2805
-1 2413
2431 -1
-1 2656
-1 -1
-1 -1
-1 2932
-1 -1
2358 -1
-1 -1
-1 -1
-1 -1
2663 -1
2510 2667
2878 -1
-1 -1
2611 -1
-1 2460
-1 2655
-1 -1
-1 -1
-1 -1
-1 -1
-1 2567
2437 -1
-1 -1
-1 2543
-1 -1
-1 -1
-1 -1
-1 -1
-1 -1
2820 -1
-1 -1
-1 -1
-1 -1
-1 2757
-1 -1
-1 -1
-1 2394
2360 -1
2438 -1
-1 2997
-1 -1
-1 -1
-1 2977
-1 -1
-1 -1
-1 -1
-1 -1
2638 -1
-1 -1
-1 -1
-1 2514
-1 -1
-1 -1
2317 -1
-1 -1
-1 -1
2344 2478
2972 -1
-1 2496
-1 -1
2583 -1
-1 -1
2773 -1
-1 -1
-1 2875
-1 2863
-1 2400
2441 2763
-1 -1
-1 -1
-1 -1
2542 -1
-1 -1
-1 2659
-1 -1
-1 -1
-1 -1
-1 -1
-1 -1
-1 -1
-1 2419
-1 -1
-1 -1
2835 -1
-1 -1
-1 -1
-1 -1
-1 -1
-1 2906
-1 -1
-1 -1
-1 -1
2677 -1
2684 -1
-1 -1
-1 -1
-1 -1
-1 -1
-1 2989
-1 -1
-1 -1
2625 -1
-1 -1
-1 -1
-1 -1
-1 -1
-1 -1
-1 -1
-1 -1
-1 -1
-1 -1
2653 -1
-1 -1
-1 -1
-1 -1
-1 -1
-1 -1
-1 -1
-1 -1
-1 -1
-1 2631
-1 -1
-1 2504
-1 -1
-1 -1
-1 2927
-1 -1
-1 2879
2582 -1
-1 2871
-1 2739
-1 -1
-1 2771
-1 -1
-1 -1
2594 2574
-1 2423
-1 2481
-1 -1
2943 -1
-1 -1
-1 -1
-1 -1
-1 -1
-1 2900
2729 -1
-1 2951
-1 2598
-1 -1
-1 -1
-1 -1
-1 -1
-1 -1
-1 -1
-1 -1
2444 -1
-1 -1
-1 -1
-1 2616
2858 2718
2975 -1
-1 -1
-1 -1
-1 -1
-1 -1
-1 -1
-1 2888
-1 -1
-1 -1
-1 -1
-1 -1
-1 2942
-1 -1
-1 -1
-1 -1
-1 -1
2783 -1
-1 -1
-1 -1
-1 -1
-1 -1
-1 -1
-1 -1
-1 2813
-1 -1
-1 -1
-1 -1
-1 2489
-1 -1
-1 -1
-1 -1
2495 -1
2772 -1
-1 -1
-1 -1
-1 -1
-1 -1
2620 2570
-1 -1
2668 -1
-1 -1
-1 -1
-1 -1
2693 -1
-1 2747
-1 -1
-1 -1
-1 2823
-1 -1
-1 -1
-1 2626
-1 2673
2535 -1
-1 -1
2499 -1
2679 -1
-1 -1
-1 -1
-1 -1
-1 -1
-1 -1
-1 -1
-1 -1
-1 2916
-1 2734
-1 -1
-1 2685
-1 -1
-1 -1
-1 -1
-1 -1
2991 -1
-1 2957
-1 -1
-1 -1
-1 2955
-1 -1
-1 -1
-1 -1
2591 -1
-1 2954
-1 -1
-1 -1
-1 2527
-1 -1
-1 -1
-1 -1
-1 2716
-1 -1
-1 -1
-1 2551
-1 -1
-1 -1
-1 -1
-1 -1
-1 -1
-1 -1
-1 -1
2581 -1
-1 -1
-1 -1
-1 -1
-1 -1
-1 -1
-1 -1
2950 2635
-1 -1
-1 2884
-1 -1
-1 -1
-1 -1
-1 -1
-1 -1
-1 2658
-1 -1
-1 2552
-1 -1
2704 -1
-1 2548
2881 -1
2890 -1
-1 -1
-1 -1
-1 -1
2862 2988
-1 2573
2669 -1
-1 -1
-1 -1
-1 -1
-1 2701
-1 -1
-1 -1
-1 2607
2600 -1
-1 -1
-1 -1
-1 2703
-1 -1
-1 2637
-1 2919
-1 2717
-1 -1
-1 -1
-1 -1
-1 -1
-1 -1
-1 -1
-1 2610
-1 -1
-1 -1
-1 -1
-1 -1
-1 -1
-1 -1
-1 -1
-1 -1
-1 -1
-1 -1
-1 2998
-1 -1
-1 -1
-1 -1
-1 -1
-1 -1
2753 -1
-1 -1
2741 -1
-1 -1
-1 -1
-1 -1
-1 -1
-1 -1
-1 -1
-1 -1
-1 -1
-1 -1
-1 -1
-1 -1
-1 -1
-1 2708
-1 -1
-1 -1
-1 -1
-1 -1
-1 -1
-1 -1
-1 -1
2776 -1
2899 -1
-1 2995
-1 2754
-1 -1
-1 -1
-1 -1
-1 -1
-1 -1
-1 -1
-1 -1
-1 -1
-1 -1
-1 -1
-1 -1
-1 -1
-1 -1
-1 -1
-1 -1
-1 -1
-1 -1
-1 -1
-1 -1
2893 -1
2633 -1
-1 -1
-1 -1
-1 3000
-1 2664
-1 -1
-1 -1
-1 -1
-1 -1
-1 -1
-1 -1
-1 -1
-1 -1
-1 -1
2705 -1
-1 -1
-1 -1
-1 -1
-1 -1
-1 -1
-1 -1
-1 2850
-1 -1
2819 -1
-1 -1
-1 -1
-1 2836
-1 -1
-1 -1
-1 -1
-1 -1
-1 -1
-1 -1
-1 -1
-1 -1
-1 -1
-1 -1
-1 2736
-1 -1
-1 -1
-1 -1
-1 -1
-1 -1
-1 -1
-1 -1
-1 -1
-1 -1
2710 -1
-1 -1
-1 2758
-1 2826
-1 2681
-1 -1
-1 -1
-1 -1
-1 -1
-1 -1
-1 -1
-1 -1
-1 -1
2883 -1
-1 -1
-1 -1
-1 -1
-1 -1
-1 -1
2896 -1
-1 -1
-1 -1
-1 -1
-1 -1
-1 -1
-1 -1
-1 -1
-1 -1
-1 -1
-1 -1
-1 -1
-1 -1
-1 -1
-1 -1
2827 -1
-1 2961
-1 -1
-1 2866
-1 -1
-1 -1
-1 -1
-1 -1
-1 -1
2750 -1
-1 -1
2828 -1
-1 -1
-1 -1
-1 -1
-1 -1
-1 2725
2775 -1
-1 -1
-1 2993
-1 -1
-1 -1
2782 -1
-1 -1
-1 -1
-1 -1
2983 -1
-1 -1
-1 -1
-1 -1
-1 -1
-1 -1
-1 -1
-1 -1
-1 -1
-1 -1
-1 -1
-1 -1
-1 -1
-1 -1
-1 -1
-1 2949
-1 -1
-1 -1
2796 -1
-1 -1
-1 -1
-1 -1
-1 -1
-1 -1
-1 -1
-1 2855
-1 -1
-1 -1
-1 -1
-1 -1
-1 -1
-1 -1
-1 -1
-1 -1
-1 -1
-1 -1
-1 -1
-1 -1
-1 -1
-1 -1
-1 -1
-1 -1
2962 -1
-1 -1
-1 -1
-1 -1
-1 -1
-1 -1
-1 -1
-1 -1
-1 -1
2859 -1
-1 -1
-1 -1
-1 2822
-1 -1
-1 -1
-1 -1
-1 -1
-1 -1
-1 -1
-1 -1
-1 2938
-1 -1
-1 -1
-1 -1
-1 -1
-1 -1
-1 -1
-1 -1
-1 -1
-1 -1
-1 -1
-1 -1
-1 2885
-1 -1
-1 -1
-1 -1
-1 -1
-1 -1
-1 -1
-1 -1
-1 2937
-1 -1
-1 -1
-1 -1
-1 -1
-1 2963
-1 -1
-1 -1
2894 -1
-1 -1
-1 -1
-1 -1
2840 -1
-1 2925
-1 -1
-1 -1
-1 -1
-1 -1
-1 -1
-1 -1
2857 -1
-1 -1
-1 -1
-1 -1
-1 -1
-1 -1
-1 -1
-1 -1
-1 -1
-1 -1
2873 -1
-1 -1
-1 -1
-1 -1
-1 2959
-1 -1
-1 -1
-1 -1
-1 -1
-1 -1
-1 -1
-1 -1
-1 -1
-1 -1
-1 -1
-1 -1
-1 -1
-1 -1
-1 2973
-1 -1
-1 -1
-1 -1
-1 -1
-1 -1
-1 -1
-1 -1
-1 -1
-1 -1
-1 -1
-1 -1
-1 -1
-1 2915
-1 -1
-1 -1
-1 -1
-1 -1
-1 2968
-1 -1
-1 -1
-1 2920
-1 -1
-1 -1
-1 -1
-1 -1
-1 -1
-1 -1
-1 -1
-1 -1
-1 -1
-1 -1
-1 -1
-1 -1
-1 -1
-1 -1
-1 -1
-1 -1
-1 -1
-1 -1
-1 -1
-1 -1
-1 -1
-1 2974
-1 -1
-1 -1
2930 -1
-1 -1
-1 -1
-1 -1
-1 -1
-1 -1
-1 -1
-1 -1
-1 -1
-1 -1
-1 -1
-1 -1
-1 -1
-1 -1
-1 -1
-1 -1
-1 -1
-1 -1
-1 -1
-1 -1
-1 -1
-1 -1
-1 -1
-1 -1
-1 -1
-1 -1
-1 -1
-1 -1
-1 -1
-1 -1
-1 -1
-1 -1
-1 -1
-1 -1
-1 -1
-1 -1
-1 -1
-1 -1
-1 -1
-1 -1
-1 -1
-1 -1
-1 -1
-1 -1
-1 -1
-1 -1
-1 -1
-1 -1
-1 -1
-1 2979
-1 -1
-1 -1
-1 -1
-1 -1
-1 -1
-1 -1
-1 -1
-1 -1
-1 -1
-1 -1
-1 -1
-1 -1
-1 -1
-1 -1
-1 -1
-1 -1
-1 -1
-1 -1
-1 -1
-1 -1
-1 -1
-1 -1
-1 -1
-1 -1
-1 -1
-1 -1
-1 -1
-1 -1
-1 -1
-1 -1
-1 -1
-1 -1
-1 -1
-1 -1
-1 -1
-1 -1
-1 -1
-1 -1
-1 -1
-1 -1
-1 -1
-1 -1
