10000
2 5
13 3
4 81
6 9
7 19
15 27
8 10
24 16
12 20
11 22
30 14
32 59
21 28
17 129
42 40
18 270
137 365
188 26
37 66
47 84
33 23
46 80
122 426
25 190
183 38
68 64
43 87
29 31
41 120
34 65
45 82
35 107
67 36
69 39
201 53
62 5725
50 51
44 110
79 48
241 779
83 968
49 88
312 99
77 90
61 55
151 60
76 219
131 54
412 185
1693 52
57 91
98 269
58 72
1069 56
157 1880
94 320
170 127
70 142
73 3157
161 416
116 230
63 527
178 74
71 351
1881 89
75 123
1034 105
118 162
176 3497
78 271
1433 97
296 108
109 101
-1 172
1109 93
133 92
427 191
417 100
443 195
361 85
171 432
173 156
106 86
155 96
257 153
317 395
326 146
393 196
261 95
104 111
158 141
145 202
149 229
282 102
2751 147
616 126
128 256
103 332
209 224
8913 458
130 189
143 113
138 462
114 136
160 356
167 199
112 492
311 421
226 2610
134 232
125 140
886 117
580 280
139 115
926 221
119 449
293 259
177 336
205 595
121 354
423 124
560 344
437 239
186 -1
132 179
302 394
-1 295
208 200
175 163
763 268
410 235
135 150
403 1444
213 1509
148 180
2256 501
719 1063
166 405
621 1385
187 1983
583 152
144 391
192 225
265 206
294 2374
1227 5782
212 794
1112 168
165 622
181 -1
154 651
3145 207
231 217
164 1467
211 184
159 507
174 521
203 218
466 372
304 515
247 292
534 472
-1 198
279 182
377 222
287 784
363 2030
169 414
197 678
204 600
193 251
210 380
330 342
346 1217
454 396
307 216
244 324
227 639
479 382
233 701
730 1148
313 238
407 509
409 272
284 228
194 2843
277 577
303 248
236 278
258 1010
319 2491
215 240
397 1719
334 323
717 1447
547 546
850 1384
906 -1
308 281
572 1155
1169 2176
504 290
713 712
482 8586
985 237
267 4862
288 597
785 306
300 253
220 755
5386 411
592 252
223 214
245 243
283 318
262 503
-1 835
9247 250
766 255
435 732
375 -1
325 350
5469 822
486 246
242 682
493 357
274 541
349 340
234 722
607 478
698 329
264 5559
1683 833
554 399
249 315
333 347
331 420
266 556
914 447
1027 348
260 5928
254 647
6445 5887
467 459
309 285
879 1515
875 771
369 528
2544 1439
1202 337
289 445
263 4302
441 598
276 358
1310 322
362 275
297 752
364 464
370 321
385 6120
2346 862
1062 381
374 706
808 327
328 562
291 1431
286 628
898 453
301 -1
273 2344
345 401
455 695
2191 371
623 1233
7270 988
505 335
314 1234
400 338
468 305
1579 1914
439 641
915 827
1975 310
298 1258
368 473
299 424
555 526
1042 1116
1847 2361
353 390
677 1101
2574 563
553 491
373 593
-1 5017
360 663
1872 457
341 2345
419 -1
387 511
1151 425
1285 946
2094 588
402 404
1971 550
2024 506
408 1018
517 413
316 1212
444 489
2284 1177
841 792
355 4934
650 2308
676 9584
476 587
438 367
1040 567
603 578
469 379
475 2520
1698 359
471 2835
573 -1
463 366
352 1647
513 725
-1 759
769 508
1688 1666
1300 795
845 878
658 -1
3678 392
433 3075
1323 378
1367 2896
490 339
343 451
750 950
851 484
494 2114
-1 4229
680 2064
386 726
376 460
821 542
3972 383
418 1406
3038 -1
803 1263
384 498
952 497
-1 552
636 487
519 1265
2674 757
544 627
737 502
3236 1131
1065 430
2844 533
1274 496
5686 1410
456 1568
1429 477
1004 2085
1634 617
1419 545
549 1123
452 389
844 446
1138 2506
564 543
398 883
1041 1022
735 927
707 721
-1 613
1984 704
-1 739
892 512
388 1082
9578 574
1678 415
535 579
1450 516
599 657
4690 615
6825 824
-1 840
1443 637
-1 2321
488 601
718 480
436 1048
448 442
625 3704
422 568
661 1226
9895 2848
406 2155
-1 434
431 659
6740 1942
428 612
1428 711
1211 571
951 692
1218 1686
2303 1540
1207 2212
765 2946
859 768
1349 758
559 953
530 -1
2001 9676
461 594
2166 429
805 1064
576 499
819 1493
500 548
1221 483
852 495
539 1440
1354 966
4377 705
485 440
1831 605
743 590
1820 846
3358 9341
2409 536
624 -1
861 1345
518 1516
884 608
1554 748
619 802
4661 655
1016 465
724 1664
3944 939
525 734
638 1035
450 585
8245 5216
1030 569
3090 1080
908 685
864 481
1330 537
514 666
2376 865
631 1969
811 645
829 604
1176 1756
1607 -1
1106 1302
653 1244
4019 558
749 1755
2050 609
920 696
470 893
3539 575
1682 690
662 520
2614 614
474 1787
7801 782
703 2484
-1 767
9020 3416
1076 2165
745 591
4419 1601
529 932
2215 814
674 901
2967 2527
1128 754
2945 3252
664 738
980 3872
524 910
789 3601
1136 618
4787 855
3439 1744
660 1505
781 606
863 964
665 1835
523 983
1727 510
2493 4064
-1 834
888 654
1801 1126
1182 733
1482 818
522 1564
620 935
728 727
-1 4034
1229 668
709 -1
8067 633
561 804
2029 1305
5034 557
1402 708
1697 2472
979 1122
1230 1144
1036 3693
610 2139
847 2616
684 1656
688 531
1442 570
596 4708
9631 1002
540 -1
532 876
586 1111
1669 992
538 -1
669 1844
1991 949
791 881
1539 2218
3078 938
776 2499
1291 1241
1369 1418
1919 1083
1047 551
916 836
-1 2334
656 3401
667 -1
894 815
-1 853
1654 1094
715 858
729 582
2456 945
565 940
5096 1331
1909 1087
581 798
-1 7944
2205 1091
2876 8435
694 839
1167 5338
4861 1067
566 772
697 -1
1000 714
670 896
630 691
702 642
2778 891
817 1189
1093 1066
5539 584
918 640
-1 1938
1157 5855
8603 777
1362 1329
-1 -1
2821 764
611 589
998 632
686 1228
1075 1242
1281 2333
7195 652
683 6911
1021 699
917 816
1088 675
842 720
1360 1271
-1 1055
832 2020
2607 648
6194 2052
2125 6238
635 1535
1135 1471
849 868
634 629
602 955
796 1639
2488 969
1238 1206
1557 1107
1778 672
977 1097
2635 797
2091 1772
1786 877
981 -1
984 800
5942 3126
871 1173
8249 731
5788 1184
1689 3135
2436 4042
1247 1790
1470 5312
1621 1266
1085 1803
1709 1355
1108 753
2392 626
1028 649
3240 1164
2749 1012
5011 3993
801 1543
1888 693
2921 1337
5602 2719
848 -1
1312 773
-1 809
3773 1043
643 644
895 -1
6508 8914
2322 1292
646 1084
1224 2985
673 2414
3463 1058
912 3206
1514 1168
856 3053
1194 723
872 671
2476 889
1696 971
885 1490
679 1858
904 1015
1092 1124
3464 687
867 1665
1297 2518
1573 -1
793 6088
1409 1357
2562 807
700 7872
4973 922
1140 1326
2787 -1
942 1301
1415 2722
2234 780
1632 762
5319 1046
710 9348
1365 3171
-1 2292
1411 2440
937 1372
3846 681
2063 1143
3776 2632
1785 2699
1102 744
911 790
778 1306
-1 1031
3927 689
995 2131
746 2110
828 2990
-1 1933
760 923
747 788
1125 1193
5905 741
1434 941
2922 2005
783 1733
787 924
716 -1
2143 1319
1132 1679
1235 -1
761 812
1792 1175
986 2687
3763 1259
1586 1038
2399 919
2726 1380
3958 857
820 1608
742 5972
3642 1796
1118 1379
813 2401
2920 978
1810 1641
1653 7937
3113 1256
890 1386
1378 751
7137 831
3092 1209
2601 736
1081 3784
1243 775
4301 799
2877 756
1451 740
-1 1026
6235 770
-1 1902
2216 786
-1 1340
1459 823
3304 1671
6554 1585
3901 5661
2011 1171
826 1117
1479 947
-1 -1
960 7595
1095 2561
860 1978
-1 810
996 1188
9173 2734
1115 1603
1453 1559
921 1308
1392 1853
-1 4048
1485 866
2394 1959
-1 4694
961 999
882 3650
-1 930
1363 1681
913 2035
4786 1219
1294 1364
2378 1255
1049 1289
3997 1252
1203 1006
-1 989
1759 1023
2278 1486
-1 -1
1240 774
1657 900
8377 -1
-1 2930
5069 4507
-1 5215
948 1458
1103 1336
1538 1057
1939 3322
7724 2016
4750 1571
8106 6114
1071 1546
1223 2017
1077 1973
993 -1
3235 1327
2504 1770
870 1856
-1 1536
838 1100
6737 1567
943 2992
7495 2730
4220 982
899 976
5842 1001
887 958
3757 2058
1051 806
1793 2948
1742 974
7831 1033
1024 2753
1272 5626
1003 1602
-1 3218
929 897
907 944
1500 1510
1588 1589
830 837
-1 1445
1159 -1
990 931
1953 1781
825 3282
874 1005
1011 2577
1318 1777
1078 1866
1299 902
-1 2149
1141 1181
2090 1096
-1 1172
1650 1089
1480 843
9019 1566
997 1165
1341 7256
1611 -1
5052 3858
8451 1569
854 6666
1651 1497
936 1009
8122 1821
2365 5393
5813 2056
959 963
6367 869
1270 1190
4573 1534
880 1166
975 873
973 928
-1 6201
6311 3576
2548 1133
1146 1655
2101 6040
1277 2118
1287 1506
5401 1205
3036 4237
962 925
3388 2107
1417 1626
1466 3005
1382 4823
1893 1013
3317 4156
909 1701
-1 1072
9655 1025
1922 1548
5255 965
1032 967
2356 1161
7565 1913
2325 991
-1 1782
3239 2799
1760 1478
905 1222
5281 957
956 1060
4116 2122
1328 1430
5761 -1
2901 2419
-1 2652
8214 903
1731 1924
5191 1264
7564 1473
1045 -1
1356 1210
1163 1957
1840 1156
1383 4845
-1 5816
1068 3043
1404 934
3306 2431
1816 2210
1752 5676
1420 933
7372 -1
3796 7349
987 3152
2309 1019
1298 2240
1911 1316
4010 -1
-1 1199
1726 3831
1359 2159
-1 1748
1416 1147
5398 -1
1050 1114
1640 1183
3037 1761
2146 2095
4618 1519
2331 3557
1120 1044
1982 -1
1201 1198
1435 1646
1113 1941
-1 3139
1734 1994
2727 1273
2720 2332
5169 3289
1246 -1
1311 2042
2087 3321
2755 6566
1158 1784
8984 1020
6964 1150
1014 3897
970 4537
-1 2831
1070 4049
1377 1248
1029 972
954 5348
2117 1552
1039 1017
5225 1178
1674 1813
8506 2542
1527 1037
1898 1216
1307 4016
4325 1946
1137 2862
3828 1779
1848 2228
1504 1421
1501 2982
-1 1056
1334 1828
1007 2691
1121 1426
9628 2972
2201 1090
1180 1313
3147 1191
1192 2800
1074 1507
1008 -1
3605 1099
1464 5904
7311 7317
4236 1320
2763 6489
7086 3475
1215 1920
1615 994
3378 1995
5457 6245
1129 1053
1725 -1
1073 1145
2178 1863
-1 7714
1130 2153
-1 2642
1845 -1
2767 3201
1200 -1
1774 2213
1268 1423
4739 -1
1186 2061
1437 1551
7242 3703
1250 1371
3354 1154
3041 1582
7116 1079
2370 -1
-1 -1
2233 1160
1850 1245
1979 1170
1098 1054
-1 1802
-1 1149
2427 1361
4788 5321
2012 -1
2599 1304
5792 -1
2364 2161
1561 1541
3850 5585
1061 1322
-1 3074
3507 1059
4946 1398
-1 3447
1261 1812
7230 1843
2460 2367
-1 -1
1052 2997
-1 1185
2569 1508
7999 2437
2880 1883
1325 4359
1724 4329
3699 1422
1104 3446
2803 2150
1622 2281
4085 1438
1764 2865
1635 1127
-1 3022
1925 2589
1948 4632
1710 -1
2429 4249
2406 2627
2147 2285
-1 2892
1859 1638
1119 -1
-1 1279
1937 2434
2120 1314
1720 7573
1142 1484
9208 -1
8326 2995
1105 2382
1714 2780
1532 1800
2933 2023
1110 1670
2108 -1
1086 7382
-1 4924
2741 2247
4426 2550
1296 3503
4857 7028
3668 1556
-1 2171
1267 1339
2038 4137
3603 1174
1741 1153
1381 -1
1195 4074
1729 2450
5877 1179
1368 1134
1576 -1
1390 1225
1892 5218
7752 1462
1794 1529
-1 -1
5434 3844
2129 1162
5166 1870
3132 1293
2188 -1
2964 -1
9101 4458
8211 1231
1765 3163
1290 -1
2421 1887
-1 1254
2099 1708
-1 1685
3996 1393
1743 2248
2379 2072
-1 1578
-1 3134
1335 -1
1612 4058
1804 1348
-1 1232
6965 1900
7706 1648
2608 1968
1295 1249
2556 9280
2736 1262
4604 2246
1204 6158
2021 2622
1818 -1
2078 2863
1220 2208
1352 7474
2145 1855
1614 1716
1358 3361
6196 1187
1214 1275
1196 3589
1139 3207
3345 1346
1373 2740
4097 1463
2338 5580
4033 2306
3034 1826
2878 4979
1152 -1
6593 6154
1460 2357
1954 3173
1448 -1
-1 1819
3004 1884
2081 2037
3091 2593
2203 2054
-1 1236
6422 1399
5106 6330
5039 1577
1197 2515
2890 2483
1394 2027
1280 1808
4103 3331
1530 1572
-1 4154
4335 1366
1309 2966
-1 4280
1495 1213
4190 1347
1452 2300
2814 -1
2141 2919
2311 -1
2342 1869
3387 4648
-1 1251
1642 6635
-1 1276
1425 2113
-1 1257
8980 2615
2009 4328
2395 1303
1282 1989
1502 1351
-1 2538
1923 3686
1260 -1
1934 1952
3719 3102
1239 2505
1496 -1
4928 1833
2568 1562
6333 1711
3884 3263
2128 3259
7590 1208
2142 1469
3384 1350
5113 2784
3279 1396
1391 7729
2291 1315
3334 1237
1747 3184
-1 3522
-1 -1
2172 1461
5222 1929
3746 1904
3086 -1
1283 2771
2343 -1
-1 1988
1405 1947
2796 1531
-1 1370
2245 2249
1604 2239
2018 1675
1286 -1
5441 3413
3461 9699
6756 7503
2189 1542
-1 -1
1896 1492
2579 2943
3621 2032
-1 1342
2762 1590
1456 4759
2269 1907
1397 3672
1499 1526
1629 9088
2960 4158
1715 1687
2422 1343
1353 -1
1489 1253
2595 3085
2363 3098
3914 1780
3569 -1
2459 1749
1728 1375
1413 2294
1575 1565
1344 6538
1487 1605
2507 6260
1403 1503
4348 1822
1718 1321
2008 3335
5631 1400
2471 7557
8858 6676
-1 2068
3121 2653
2271 1537
4315 1374
4869 -1
-1 1269
-1 1630
1284 7780
4993 -1
3323 1317
4443 7858
1797 -1
3264 1446
5810 3057
1513 3752
2951 2524
1278 6892
3900 1555
2164 1455
2396 2098
1544 1427
3948 1545
3117 1912
2464 2739
3697 1376
-1 2665
2795 1950
1960 1388
-1 1288
-1 6143
-1 5144
2000 2130
1878 2672
1525 1723
1841 8386
1407 1659
2651 -1
2265 2071
1619 1583
1517 4233
5115 -1
1338 4578
3514 4321
1758 3986
3260 1408
2238 3982
2750 1441
-1 2875
2462 -1
1987 1966
2655 -1
5244 1475
1593 1963
3270 1332
3170 2214
2503 -1
9644 -1
1494 -1
2468 1324
6200 5291
6562 7973
-1 1389
-1 -1
1333 2583
-1 3644
2857 3979
-1 1454
-1 1673
4444 1547
1807 2252
1587 2626
-1 3329
1465 1643
2185 2368
2830 2286
2845 7034
1395 3246
1993 2047
4540 5283
-1 1998
1498 2351
2411 3200
7251 5783
4836 -1
6949 3827
3174 -1
1660 6101
1476 4693
3069 1597
4758 1976
8267 1945
4184 3311
1591 1574
7020 1658
2637 -1
3674 -1
6093 3442
8399 2187
3814 4017
2065 3629
4421 6131
2258 -1
4363 1814
2690 2692
2664 5195
7343 1980
1550 1854
1691 -1
1825 3320
2469 1401
1865 1457
-1 1620
3970 2426
2173 1522
1491 3410
1472 2718
1387 4290
4673 1633
3185 3116
2004 5431
2089 7804
3033 -1
2928 2497
2220 -1
7371 2082
-1 1523
2301 1518
1928 2160
4246 1961
1817 1721
1424 1877
1477 -1
1704 1986
2781 1553
1598 2337
3062 2650
4765 2522
2277 -1
6279 2619
1414 2231
1750 3407
9325 1412
1707 2222
4850 1951
2151 1958
3888 2156
-1 4796
1652 3065
2369 3148
2405 2530
1432 3671
3617 1668
1740 2486
1805 4094
4571 -1
5659 2168
2953 1931
1627 6800
1474 -1
2811 2314
1468 2864
4052 1594
8391 7079
1830 4145
2435 4027
1618 1811
3989 1970
1558 5789
1824 5357
2080 1868
5388 1717
1481 -1
2390 1736
2195 2158
1488 2656
5525 2360
5766 3946
-1 4472
1436 1766
3611 8333
1700 1616
-1 1705
6814 1757
1520 1528
2154 -1
4809 2571
1625 2563
4834 4592
3540 2473
2849 1449
6319 2196
2893 4717
3402 5217
3122 2209
-1 -1
1595 1943
2592 1610
-1 1730
3722 4545
3774 -1
1483 1645
2829 5759
1875 3476
7719 3363
4091 4527
2244 4992
2572 2716
8940 1965
-1 -1
3406 2299
1732 9882
1695 -1
1613 3392
1873 1560
7068 3468
2715 -1
2270 1533
3010 1549
2549 3142
-1 5391
4409 3195
3136 4982
1599 2416
7836 -1
3115 1511
2022 4252
4404 5714
2202 3356
-1 1512
1623 -1
1706 -1
2372 1661
3225 2959
1894 4949
2433 1570
1771 -1
3526 4054
5205 -1
1581 1606
3051 2509
7364 1949
-1 1628
4312 1735
1860 -1
-1 1754
-1 1839
2144 1838
1596 3662
1649 3732
5355 2127
5099 1767
-1 1636
-1 1637
3360 2963
-1 2341
-1 2282
-1 6006
3600 9400
1885 2328
5340 1524
-1 1584
-1 2389
4068 -1
3237 9788
3586 1874
-1 5494
-1 2546
1798 1692
2502 1521
-1 5697
5158 6574
2077 2268
-1 -1
-1 -1
-1 2067
2854 3815
2688 2232
1927 1563
1667 2297
2177 1990
1580 2049
2353 -1
1631 5162
2002 1672
9159 4587
9195 3177
1775 6699
7682 5985
4014 1684
1915 -1
2924 1829
6852 1609
4879 1851
6380 7117
2043 3485
3276 1746
2031 2053
-1 2148
3473 2717
2511 -1
-1 5556
3125 2808
2040 6205
2183 -1
2230 1891
2279 1773
2313 2675
9009 -1
1690 8597
2531 1722
2947 6202
7261 9972
9134 3907
3839 2055
2184 3536
2044 2283
3131 -1
1600 4991
1910 4304
2287 1861
2124 8362
1677 5024
6043 6379
2858 9091
8797 6479
3728 1776
2729 1676
1788 2138
4141 2790
5238 1827
7005 2822
1592 2180
5275 -1
2721 -1
8344 2443
1644 -1
3487 2481
1699 2134
5685 7757
9418 2137
3869 3371
2046 1967
3460 -1
1901 1955
8319 4447
1908 2104
1921 1617
7723 1712
6761 1663
3301 2638
2336 2267
2702 5091
1753 2051
-1 2999
5778 3510
9707 1815
1662 1918
-1 3559
-1 -1
-1 2860
-1 6454
4007 -1
2003 2225
-1 1713
2697 2452
3902 7862
2236 1768
7501 4327
1624 3786
-1 2633
4782 5576
2670 2229
8373 1737
2792 9359
2855 8173
-1 -1
2418 -1
-1 3504
-1 9337
4060 5991
3883 1823
3501 -1
3543 5732
4342 4318
-1 -1
2526 2737
-1 2097
3257 4289
3936 3178
3923 2438
4022 5723
5911 2475
5148 2836
-1 3144
3614 2152
4372 2074
1876 5568
4937 3374
2912 -1
-1 6556
2463 3109
3168 2366
2846 4886
6039 3046
-1 5051
2942 1694
4151 3842
1680 4003
-1 -1
2385 1985
-1 8595
6192 1886
2075 4721
-1 2111
3608 -1
3527 3934
6220 1862
4477 -1
3194 -1
1745 8325
1702 -1
-1 5279
5090 2708
1789 -1
4733 2498
4165 -1
2573 -1
1769 4287
2103 1795
3742 2897
1852 9185
2541 1997
2978 3975
2262 4487
2010 5515
1783 2304
2019 1751
2048 3630
2006 1703
6305 -1
1837 -1
-1 2553
-1 2457
-1 2925
-1 2769
2663 4703
2772 3588
2025 2424
8129 1867
2773 4374
3375 3243
8006 7401
4528 1930
3879 -1
-1 2679
2444 3602
2105 2259
-1 5376
1739 -1
6689 2045
2192 2576
3708 8202
1972 7592
2998 6282
3675 4212
-1 -1
3800 9472
3560 4365
3203 2485
4199 5118
3847 -1
3303 2096
-1 8012
3202 1799
-1 2386
3414 1905
-1 3950
-1 2968
3362 4432
2467 2403
2512 2204
4398 2801
1738 2428
5831 -1
5100 -1
1935 3182
3274 3620
1762 -1
2905 -1
-1 1916
-1 1879
2193 2648
3287 4232
1882 3528
-1 1996
2121 5623
2630 2624
4770 -1
6870 -1
7481 8758
2827 5499
3535 5812
2600 3554
-1 5965
-1 1791
5406 2911
-1 1992
3931 1763
2490 -1
-1 5055
3607 6777
2119 -1
4902 4601
1806 3954
2478 -1
4046 -1
1999 3394
8056 2590
3651 6872
-1 2123
1832 2057
4285 2340
3583 3490
4790 6824
4930 5231
-1 2253
2447 1849
-1 4481
1889 4482
2109 2451
4044 2564
1903 -1
4915 5637
-1 4218
-1 2744
2028 2235
2100 1857
2319 1895
2324 6564
8886 5728
-1 2580
2296 1890
5369 4469
2315 2317
3749 2448
8178 8338
-1 1899
5756 2066
2316 4264
2477 1836
5502 2126
-1 3582
1906 1809
-1 3002
2777 -1
2956 2305
2326 4688
2480 2157
1940 5749
2371 -1
-1 3193
-1 4492
2223 7513
4544 -1
2140 5652
3440 6449
1834 8636
3453 2689
6322 2088
2263 4490
3336 6999
-1 2903
7269 2415
8465 -1
5565 3866
-1 4373
-1 4083
3067 2894
1842 3204
2092 -1
5082 8654
3467 3020
2794 -1
-1 2510
2776 -1
9309 -1
3426 5701
1926 1964
1962 4276
2318 -1
-1 4615
1846 7444
1864 2251
3007 5440
4800 3555
1974 5048
-1 8130
8580 4322
3496 7149
2254 -1
8121 2747
1871 2062
2224 3783
2383 4916
3623 3803
5098 3451
2613 2806
-1 2584
1917 1897
1944 2908
-1 3748
2446 2393
2350 2539
7132 8684
-1 4804
2380 -1
2625 6516
3095 5472
2162 -1
8518 5885
9528 4061
7916 -1
-1 2514
-1 -1
2014 4079
8507 2586
1981 7193
-1 3778
3488 9861
4425 3751
3817 2133
4698 -1
-1 2007
8350 2969
2169 2404
3820 2289
-1 2929
2280 2826
3962 1936
3343 5056
3189 2102
3798 -1
-1 2944
5532 2501
-1 -1
3000 2756
3478 2748
2013 2221
2182 3199
7065 2882
3233 2250
6402 -1
3305 2073
2474 6555
4474 2116
-1 -1
2841 2761
3770 7556
2320 9100
-1 5663
2275 -1
2083 2420
7340 2174
8846 4347
3520 2036
2973 -1
4653 2373
1956 2167
4556 2347
6896 4884
4306 5718
4143 -1
-1 1932
2430 3411
9634 2257
4561 5507
2804 -1
-1 3191
3338 -1
6751 -1
-1 2015
3443 -1
4995 4431
-1 2540
2255 -1
-1 -1
5130 -1
2597 -1
2984 2112
3917 2190
4775 2136
3150 -1
-1 2408
-1 -1
2634 3835
2500 2537
3398 2598
-1 -1
2575 6839
3949 3176
-1 2517
-1 4699
6499 3190
2883 -1
2377 7232
3971 2994
-1 7267
-1 4351
-1 -1
2412 5669
3480 2986
3785 2179
-1 3248
2039 5531
-1 3196
2528 -1
2034 -1
8933 3591
1977 5471
2798 -1
5570 6565
2026 -1
6496 2298
4891 4667
8424 2682
2033 3307
2410 -1
3035 -1
2288 4112
-1 3208
6968 2680
5114 4025
2115 2059
-1 2733
5760 2725
-1 -1
6582 4471
2069 2915
-1 2712
-1 5126
2186 2327
4140 7139
3521 3015
2881 4965
2086 2465
4260 3547
3179 4904
2355 2093
3984 -1
6866 2339
2076 -1
7765 2449
2425 2958
4517 3624
-1 -1
4863 3541
2852 -1
2079 3519
4941 3047
-1 -1
6236 5667
3103 2926
-1 3280
-1 2641
6649 2070
4066 -1
5184 2657
4576 4760
2906 2163
2362 2106
-1 -1
5541 3213
2941 2323
-1 2816
2833 6767
5232 3297
-1 -1
2825 4062
6794 -1
7057 2181
4727 2041
5691 7465
2596 7759
6452 3471
3296 7027
7070 2558
2557 -1
8862 3352
2084 3653
2335 3922
3670 4106
2567 -1
-1 -1
5506 5670
3226 4065
3026 -1
9886 2060
2534 3313
3726 2495
4163 2219
-1 7326
3167 -1
4411 -1
3044 2703
2330 2266
2352 3676
4407 6385
3933 2198
5564 2197
-1 3377
6230 4299
2678 5612
3943 4429
5273 4345
2824 3493
3548 4371
4780 -1
3870 2276
2659 4549
5841 -1
-1 -1
4132 -1
-1 7360
2442 2889
6096 3438
4020 -1
2937 3198
7800 -1
-1 -1
-1 3427
-1 3229
2587 2618
-1 5708
2766 8411
2227 2885
-1 2696
4617 2132
5310 2295
-1 2724
6858 8944
2559 -1
2348 -1
-1 9354
-1 3980
-1 2199
-1 2535
2398 3153
-1 7707
5125 6558
-1 -1
2649 3166
2170 -1
3219 2701
6769 3764
5859 6994
5228 3050
2200 -1
3068 -1
2536 2585
3926 2711
4070 -1
2788 2135
-1 2217
4641 -1
2662 3622
-1 -1
4397 4624
-1 2312
4030 3880
-1 -1
4082 2797
2923 2757
2603 3956
-1 3370
8271 4309
2261 3072
8550 2991
4972 6134
5511 2723
7145 3580
-1 2293
2211 3969
-1 -1
-1 -1
4164 3532
4269 2175
7848 4160
7130 3579
-1 -1
5010 4104
2489 2713
2307 4526
2551 -1
5529 5359
-1 4197
2513 2454
3262 4769
9356 -1
3256 4830
2260 4360
4410 3990
-1 3802
-1 2971
2237 8786
-1 3058
2397 4986
2359 2874
3415 -1
3222 2354
5560 3197
4298 -1
5791 5981
4101 2226
3792 3957
2329 5334
-1 5189
-1 2695
-1 3720
2916 4983
7782 -1
4569 2570
-1 9840
9004 3459
4336 6067
2566 -1
-1 7324
3220 8022
-1 -1
4636 2977
3593 -1
-1 2439
2207 3382
2872 2673
-1 -1
5123 -1
2349 3890
5484 2560
4217 2194
4201 2206
3285 4013
4574 -1
2302 5874
-1 2241
-1 3723
2588 3437
2375 7467
2243 8803
8181 4226
-1 5624
-1 -1
7469 2242
4847 -1
2547 4238
5700 3575
4900 2714
3430 -1
2731 7289
4455 2445
3988 -1
2555 -1
4012 8292
3921 6027
2851 6130
-1 3745
-1 4743
3315 4115
2516 2466
2807 -1
3268 2838
4448 6486
2453 -1
7833 -1
6835 4387
3871 2273
-1 7955
4905 -1
3564 3373
9062 -1
9920 6459
2492 4453
-1 -1
4240 2666
2274 3920
2764 7259
2358 4412
8400 2272
-1 3353
3119 -1
3714 6191
3278 4337
-1 3553
2402 2543
7927 6904
4947 2654
8707 2290
3711 5695
4117 7548
2264 6318
-1 2461
-1 2387
3502 3684
6796 4959
2676 -1
4611 8008
-1 5706
4317 7085
3107 4102
-1 3227
-1 3635
2647 -1
-1 2823
3965 4203
2602 7234
4714 4189
-1 5438
6296 6127
3469 -1
9187 2868
-1 2423
4579 3930
2939 -1
3877 2709
6119 2519
4519 9083
3054 4084
3868 4657
5412 3156
3275 6826
3505 7374
-1 -1
2705 2582
4716 -1
4479 -1
-1 3420
-1 3253
3777 -1
4791 -1
2407 4625
2658 7178
-1 2810
-1 3364
3566 3238
-1 -1
-1 3059
3397 3483
-1 2684
2310 2738
4331 2759
4230 4551
2529 6717
3295 8432
8040 3273
-1 -1
3797 5724
2479 7570
4195 -1
2639 6961
2609 7563
3768 2989
-1 4255
2521 2866
6881 5966
2594 9568
2458 6257
-1 4198
6182 -1
6793 -1
7885 -1
4807 3017
2606 2381
3744 6058
8897 3428
3242 3325
6219 4670
2552 3474
8588 3976
3210 7811
6848 2853
2384 -1
2391 -1
2732 2400
2640 -1
-1 7285
-1 3128
5713 2819
2470 3973
-1 2785
2388 2621
2809 6748
4894 3251
4952 5397
3419 4036
4488 -1
5801 -1
-1 8291
7066 2681
7143 -1
5470 -1
3881 -1
2578 7106
7129 -1
-1 -1
-1 2660
2455 2432
7991 2813
4516 2667
3500 2898
3293 2745
5336 2413
-1 -1
4771 6019
-1 -1
3498 3175
5856 3830
-1 7249
6845 3444
-1 2974
-1 4581
-1 2494
-1 7274
-1 3596
2605 4093
6563 6138
-1 3606
-1 5402
2815 -1
3481 8387
3330 7142
4273 -1
-1 6150
3241 8750
2533 -1
2950 5446
-1 2782
3680 7258
3261 3052
-1 -1
3710 -1
-1 3887
3104 -1
-1 3130
3666 2746
2686 2983
3076 5473
2913 2441
2565 5193
3158 -1
5948 -1
5579 2832
-1 4704
3143 5302
-1 2417
4470 -1
2805 5272
3093 5280
4520 8381
5196 -1
4313 -1
5245 2671
6017 3183
3386 3834
3060 7540
4635 9620
3753 3006
4040 -1
6303 2965
2525 2987
3544 3733
-1 4267
-1 3731
7453 2644
-1 3604
3572 3595
3599 7534
-1 2818
-1 3570
6193 3141
3309 4129
4077 3994
4679 4756
-1 -1
-1 -1
2774 3423
2936 2482
-1 -1
-1 -1
8302 3724
-1 5523
3025 5900
3342 -1
-1 6308
4148 2873
2623 2742
3012 5171
6981 6004
-1 -1
3349 -1
2620 3391
8123 3009
4778 3692
-1 3316
3234 4951
-1 2669
2765 4976
9409 2646
-1 4559
3146 9975
3558 -1
2487 2791
-1 8060
-1 4111
4266 -1
2834 4936
5573 -1
2910 3455
2934 -1
3518 5160
4186 2604
2591 4105
3429 -1
3910 3542
4047 5159
2617 4071
3735 2871
3066 3843
-1 3706
4781 2900
-1 4638
3806 -1
-1 3302
-1 -1
7610 4098
3462 5495
3619 6864
-1 2869
5037 -1
-1 2643
-1 -1
4738 3001
-1 2496
3508 -1
4420 9283
2940 2685
3571 3712
-1 2859
2508 2820
5491 7307
3434 3495
-1 -1
5657 2545
9209 6727
4620 4792
3029 3073
-1 4607
2532 4390
3160 3432
3284 9719
-1 -1
-1 2760
2629 3701
3027 3717
6482 7544
3101 -1
-1 3094
4185 4606
3856 3164
6000 3646
3935 7778
-1 2523
3486 4977
4913 -1
3431 2611
4136 -1
2661 2668
-1 5425
-1 2888
9285 -1
2554 2636
2581 9991
8994 -1
2693 -1
-1 -1
9133 4006
2812 5493
5213 3161
8403 4162
-1 2628
2887 2789
5043 3180
-1 2847
-1 4209
6943 2683
-1 6752
7583 9156
-1 8538
3003 4005
4245 2677
2981 2770
5464 3372
-1 -1
3223 3395
6542 3114
-1 2645
4557 4194
-1 2735
-1 3172
4427 3840
8479 3787
3639 2895
4009 5632
-1 2996
-1 4843
-1 4204
3112 3030
-1 -1
3040 -1
-1 -1
-1 3221
5741 3188
5591 3609
3249 6617
4586 3341
5025 -1
2802 2884
3333 3016
8079 2931
4777 -1
-1 -1
3042 4193
3039 -1
9835 9774
-1 3124
5183 -1
6536 4755
2743 -1
3151 4925
-1 -1
6450 3577
5962 -1
-1 5311
8553 8366
-1 -1
-1 6889
2728 2932
6660 -1
5510 -1
-1 5869
-1 6526
4120 5483
4917 6483
4859 4990
4326 3061
-1 4413
2899 2612
4514 -1
8509 3169
6164 3088
-1 2786
3909 -1
3283 2867
4183 -1
7708 -1
5940 7814
8250 -1
5805 -1
4320 3013
7191 -1
-1 3615
-1 -1
-1 4692
8571 8920
4402 6062
6893 3546
3889 2828
3449 2706
3725 2631
4362 2698
4799 -1
4018 7788
3245 6023
3381 3966
-1 5408
5007 2850
3641 -1
3636 -1
9701 -1
8026 4666
-1 9254
-1 2710
3056 3291
-1 4113
3269 7099
-1 -1
5650 -1
4089 7245
3515 -1
-1 3885
4589 -1
-1 -1
9025 2775
2758 6705
4096 4835
6601 9401
3448 -1
4614 2704
4663 -1
3762 -1
-1 6261
-1 -1
-1 3829
5154 -1
7846 -1
2752 4726
3011 -1
-1 3071
-1 3658
5891 3350
2917 4940
4026 8689
5194 -1
9666 3077
4253 -1
7463 4032
-1 -1
4449 2700
3484 3310
-1 2904
3055 6340
4310 -1
6146 2694
3509 -1
6707 7325
7136 3915
5049 7278
-1 -1
2861 2976
8059 3299
6248 2707
3290 7450
-1 8741
5259 -1
4513 6963
3064 3292
5642 -1
3808 -1
-1 2793
3409 3412
-1 -1
5628 -1
2909 -1
2839 6947
4180 4451
9014 -1
5987 -1
2879 -1
7022 -1
2768 4173
-1 5518
5182 4057
6195 6348
2979 3230
-1 6763
-1 5989
4622 4713
8610 7206
5299 -1
-1 5116
3286 4122
4996 2754
8924 8075
3945 -1
-1 -1
3096 3594
5945 -1
8021 -1
7794 -1
-1 3903
5050 4883
4485 3108
-1 -1
-1 8187
4776 2870
5655 9572
-1 7424
3211 3324
6690 3045
3087 3347
-1 8038
-1 3110
3400 3155
2955 4250
7213 5152
-1 -1
6840 -1
8288 5278
5712 2914
3738 6156
4375 -1
2842 4810
-1 2988
3627 3298
4560 5597
4388 4192
2779 -1
2783 3365
-1 -1
-1 6246
4467 4300
6604 5524
-1 -1
-1 -1
-1 3129
9211 3683
8009 6958
4418 4076
-1 2856
3408 -1
2970 3550
4352 3254
3048 -1
4465 3747
-1 2938
2817 3288
-1 -1
-1 3450
-1 2837
3079 5151
5460 -1
-1 4416
-1 5429
8935 7527
2902 8420
6774 5284
3081 2954
3837 3661
5315 -1
6701 3214
3118 4039
-1 -1
-1 2962
4001 4948
3891 9408
2891 3154
-1 -1
8908 -1
3165 3482
3852 5137
-1 2918
-1 -1
4978 5878
4384 3368
5150 3049
3729 -1
8213 -1
2907 4543
5584 8501
-1 -1
6166 4984
5808 -1
3008 5371
4762 2952
6575 5709
8102 4664
4505 7350
5104 -1
-1 -1
4275 -1
2840 3186
-1 3266
4554 4495
3383 5611
3895 -1
-1 -1
-1 3369
4257 -1
5553 -1
3687 7315
4584 5976
6657 -1
3640 2961
-1 3767
-1 3281
6984 -1
3780 3715
5820 3215
3435 3705
4583 4179
-1 3019
3312 7391
3633 3716
4764 7322
3791 -1
-1 -1
4970 -1
-1 -1
4434 2935
-1 6795
-1 8234
3494 8074
3983 -1
-1 6161
4133 -1
-1 -1
3756 6328
3563 3159
2886 -1
2927 3070
9366 -1
3063 3271
9608 -1
4906 -1
9076 6060
-1 -1
3457 -1
3205 5075
-1 7695
4825 3533
4774 7043
-1 3937
3739 -1
2957 -1
-1 -1
4095 -1
4075 -1
5122 4056
3140 6962
-1 3138
-1 -1
3032 3300
-1 4484
-1 -1
3513 7097
3018 7030
4433 2980
3162 5823
5342 3385
3247 4270
5615 5121
4175 -1
-1 -1
4241 5249
4839 7669
7216 6431
3761 5561
8945 -1
-1 -1
7094 -1
-1 -1
5147 8957
6537 3492
4508 -1
3396 -1
3021 3524
-1 -1
9550 3082
-1 4582
-1 2949
4491 -1
3867 9850
5634 4181
5282 6214
3326 4110
9805 3938
5625 3023
7618 5418
5345 5466
3355 8701
-1 -1
3898 3811
3750 -1
6290 -1
3892 -1
-1 5730
7156 -1
3089 -1
3028 8168
-1 -1
3024 4506
-1 6057
-1 4147
-1 4169
6074 -1
4383 3080
6827 6364
4256 3454
8135 -1
-1 -1
7426 3652
-1 -1
-1 3340
3656 3578
6169 -1
5950 7237
-1 7201
4813 3100
4059 3351
3793 3187
3673 -1
8065 -1
4590 -1
-1 -1
4577 3328
6258 8825
4303 -1
3654 -1
4023 5271
4108 3031
-1 2993
3083 -1
3737 8609
8440 4073
6256 5866
-1 4445
2975 9447
3864 5558
6507 -1
9490 -1
7896 5239
4177 3590
3014 7154
3348 3799
-1 3999
3470 4437
3212 6232
7007 -1
3771 6625
7105 3192
6411 5018
9703 4259
3992 -1
-1 5382
3105 -1
6341 4446
-1 9265
5687 3734
-1 9010
3645 4819
3995 4985
8204 9962
3216 3111
6492 3587
-1 5109
5508 -1
6337 5221
-1 3209
-1 3499
-1 -1
-1 -1
8936 -1
-1 -1
3084 9443
3244 3631
-1 4205
3859 5399
3346 4530
9109 -1
6615 4473
9220 4499
5379 -1
4476 3781
-1 3120
3228 3530
8299 5220
9531 3097
6215 3893
5258 3882
8692 4920
-1 -1
8721 -1
-1 -1
-1 4381
5286 3765
4008 -1
5300 -1
7318 -1
5825 5951
3181 6430
6746 -1
4021 5799
5301 6107
3562 4118
3133 3660
4316 5015
-1 -1
3648 9971
-1 -1
-1 5703
3681 3137
3625 -1
-1 9476
-1 6786
3718 6251
-1 -1
6045 3267
3824 7830
-1 4176
4645 -1
-1 3967
6610 4213
8726 6500
-1 -1
-1 4244
3810 4911
-1 6560
-1 5212
3272 3823
3149 -1
7345 5084
-1 -1
-1 4683
9818 3366
3357 -1
8227 7398
-1 5020
3099 -1
3231 5328
5726 -1
3841 8147
-1 3632
4000 -1
7004 3598
5613 6092
6335 -1
-1 3106
4874 -1
3258 -1
8728 3978
3389 -1
3766 5679
8852 3277
7871 5596
5917 4330
-1 6993
3123 6922
3332 -1
-1 -1
4406 7313
3832 -1
6014 9305
7725 5833
4734 3549
3489 -1
4896 6552
5996 3538
5317 7596
-1 3344
8365 3308
4178 3772
-1 -1
4802 3899
3399 5223
-1 4172
6972 4086
4643 6252
-1 3669
3610 4612
4293 -1
-1 5019
-1 -1
-1 7048
-1 6051
-1 -1
-1 6117
4870 4464
3445 4829
6995 4396
8923 4358
7943 -1
9055 6374
-1 3851
5022 6144
-1 4041
7211 3127
6788 6647
-1 3741
3707 -1
-1 5971
4234 -1
-1 -1
-1 5956
4637 3529
7909 3961
-1 4697
6757 3424
4719 3545
3250 3567
3833 3479
-1 4732
-1 5704
5847 -1
3232 -1
3760 3822
-1 3376
4700 -1
4182 8233
8687 9132
-1 3217
4922 -1
4815 4153
-1 4955
4288 -1
4463 3477
-1 3491
6553 3265
3565 3597
4735 3551
-1 3836
5528 7921
5658 -1
5644 3968
3878 3568
-1 3663
4751 -1
4262 3813
4684 5014
3506 5496
9757 4677
3405 4171
-1 5884
-1 3789
5752 4609
5063 -1
-1 3592
-1 8047
8767 9053
8790 3679
-1 9859
8025 3456
7551 4385
4430 -1
-1 4806
-1 4598
5463 3359
-1 -1
8450 -1
-1 -1
4123 -1
7965 -1
-1 7468
3698 -1
-1 7377
-1 6665
4929 3393
5262 -1
-1 4268
5119 3417
7700 -1
-1 6843
8093 8681
3775 3743
3689 6435
3224 -1
6471 3339
-1 3314
-1 -1
9248 -1
-1 -1
4757 7764
4011 3987
3826 3667
-1 8210
5164 7229
9839 9413
-1 4957
-1 7875
-1 3612
9204 3517
4399 3255
3677 -1
-1 -1
-1 -1
5329 -1
-1 -1
4324 9855
4161 4628
3441 4820
9910 3637
9003 -1
5046 4875
-1 3964
5899 5077
-1 -1
3702 6001
-1 7718
5646 6438
-1 3740
-1 3452
-1 -1
4591 3981
3759 5187
4114 -1
-1 4121
-1 3294
3380 3616
3318 3664
8020 -1
4975 7024
5599 -1
-1 6487
-1 4400
3511 -1
6225 3327
7678 -1
5170 4892
-1 4969
4854 4339
-1 -1
-1 3628
4725 6859
3618 7431
-1 5145
4649 5209
3584 6312
-1 5072
-1 7511
8230 7187
4631 3418
5547 -1
4567 8427
4210 4538
6627 8077
8974 4428
3613 3694
-1 3581
-1 5198
9002 8493
3516 4286
4376 -1
3523 3788
9741 -1
4974 6292
3422 3904
6700 3998
3403 -1
-1 4761
5818 6377
-1 5476
4282 -1
8323 5629
4744 9012
9559 4088
-1 3433
3319 -1
8606 3874
4547 3634
-1 5226
-1 6493
7482 7248
4720 4261
3390 -1
5894 -1
-1 5864
3665 4067
-1 -1
8011 5984
9670 -1
4828 5378
-1 9030
-1 6597
4223 -1
-1 4532
3379 -1
5814 3649
6614 -1
4452 -1
3337 7935
5873 7413
-1 4753
3643 -1
-1 5581
-1 4200
-1 8671
5054 4908
-1 -1
4225 4931
-1 5073
5332 -1
5186 4550
8910 3421
4149 -1
5174 -1
8756 3466
6954 5235
4997 7214
3458 3929
7812 3531
-1 -1
-1 3537
5318 -1
6451 5409
-1 -1
-1 -1
-1 4349
5303 5436
9587 4150
3695 -1
4515 3367
6026 5807
-1 4910
6216 3574
7946 -1
-1 4696
3585 -1
4686 -1
4797 -1
3465 3691
6020 -1
4127 -1
4366 -1
6759 -1
5982 5715
-1 5000
7402 4654
7416 3754
4439 6571
4435 3818
-1 5462
7148 5237
-1 -1
-1 -1
5973 -1
9061 7479
3875 3947
-1 -1
5909 3561
8274 8415
4960 -1
-1 3782
4368 5705
3404 6781
-1 6696
-1 -1
5066 4332
4281 4216
8039 -1
3425 3534
3688 3845
3626 -1
4662 5289
-1 5068
8558 -1
-1 4831
-1 4072
4932 9334
-1 -1
6437 5263
-1 -1
4144 4035
6275 -1
-1 -1
5919 -1
5266 -1
4208 -1
5383 8779
4415 4773
-1 -1
-1 3709
-1 4284
3647 5430
4546 -1
5250 8085
5070 5285
6188 -1
5683 4087
-1 4766
-1 -1
-1 -1
-1 3955
3963 5013
3696 3912
-1 6091
-1 3436
-1 4868
-1 3876
6326 7790
-1 5490
-1 -1
4050 5294
-1 7399
4029 -1
-1 8745
-1 -1
3512 6640
3472 4966
-1 4128
-1 7069
4856 6595
8556 -1
7972 3865
4999 5341
-1 -1
9051 -1
-1 3556
6888 -1
4500 -1
-1 8285
-1 4436
5207 4498
5377 -1
4994 -1
5032 6607
3573 4346
6917 6628
4964 5857
-1 4568
6722 -1
3807 6879
-1 -1
4170 3552
-1 6403
-1 9851
3838 8280
5586 -1
-1 3916
4674 4043
-1 9127
7654 3977
4294 3682
-1 7660
5883 6790
6475 6419
5004 -1
4478 3758
7977 -1
8627 -1
-1 9318
8925 4480
-1 5079
7121 7890
6731 -1
-1 9795
-1 5435
-1 -1
3801 -1
3795 4124
6461 8133
7597 5889
6329 -1
4051 3894
4401 8185
3525 4935
6724 4258
3821 -1
6363 -1
4002 3857
4167 5370
6198 4659
-1 -1
-1 8559
-1 -1
-1 -1
-1 4188
8637 9915
3848 -1
6342 -1
5617 5999
8057 -1
7579 4888
-1 -1
8934 4090
6371 5923
-1 8985
-1 3736
-1 3855
4283 8536
-1 -1
4100 -1
-1 -1
6085 3657
-1 -1
-1 4812
7659 -1
-1 -1
5290 5367
9523 4610
5548 5308
5233 -1
5853 5138
8218 5772
4811 5643
-1 5335
9033 -1
6181 3804
-1 4542
7358 -1
-1 5492
-1 -1
4080 5851
9363 5143
9992 -1
6915 -1
6498 4308
3812 4729
3896 9147
-1 3690
5467 3730
4593 4669
-1 -1
7756 6572
5689 -1
5002 7614
5934 4126
-1 4247
-1 -1
-1 7779
7851 7388
-1 9024
7710 5664
-1 4718
5038 3727
-1 7498
3713 4748
-1 -1
5427 3905
4142 7732
3952 -1
-1 5107
6005 -1
7286 4668
3941 4731
5578 3655
7292 6789
3659 3942
-1 3939
6208 -1
9452 -1
4466 7238
-1 4818
-1 -1
7632 8869
8883 -1
3700 8743
-1 -1
4219 5839
-1 4206
-1 8448
4271 4211
6926 6387
4789 7763
3755 7190
-1 6830
-1 7110
-1 7903
-1 -1
5142 4274
3959 3638
4078 3779
-1 9130
5076 6416
4496 6760
3790 5638
5742 -1
6711 6719
-1 8631
6118 -1
7917 4833
4243 4414
-1 -1
-1 -1
4350 6262
5035 4125
4652 -1
6664 5149
5520 -1
5681 3985
-1 4623
7302 -1
-1 -1
-1 6071
-1 9104
-1 3794
-1 8461
-1 5067
3721 6077
5990 -1
8809 6022
6070 4752
5608 -1
4840 4408
4221 4858
-1 -1
-1 -1
4069 3932
-1 5105
4678 -1
4355 5243
9503 -1
4524 -1
5422 -1
-1 8620
7593 4878
6185 4196
-1 -1
-1 3911
7528 4534
5824 5167
3685 -1
6350 5400
5363 -1
-1 -1
6313 -1
-1 4031
-1 6054
-1 6247
6086 4933
6905 4394
-1 -1
-1 8015
5197 4053
5963 -1
-1 6782
-1 3805
6874 3769
5621 -1
5907 -1
-1 5454
5871 8876
6109 3854
-1 -1
-1 5932
3809 4943
-1 -1
5322 6713
-1 3819
-1 4296
-1 4224
-1 4004
4272 -1
8247 4305
-1 4536
-1 -1
4092 7268
-1 -1
-1 -1
-1 4824
6671 -1
9758 4227
6561 9596
4107 4627
6529 -1
-1 4533
-1 -1
5668 6186
-1 4166
4028 5992
4343 4319
-1 8874
-1 3849
-1 -1
4462 7441
8005 5085
6187 9743
-1 5955
9691 7236
3960 4263
4441 -1
-1 3853
5390 -1
-1 -1
-1 -1
-1 4138
-1 4081
6654 8269
-1 5475
-1 9684
-1 7208
-1 6222
-1 -1
5505 5384
-1 4063
8345 6677
4024 7299
4596 -1
9107 4231
4323 -1
5256 6578
7578 6314
4918 7964
4616 8251
5912 4461
4157 -1
7702 -1
-1 4873
-1 7072
-1 8533
6211 -1
7379 -1
4619 -1
-1 -1
-1 4265
5214 7389
-1 4422
-1 7823
-1 -1
5787 -1
6692 5394
4134 -1
-1 -1
5764 4038
-1 4503
6467 5969
4424 -1
4656 -1
4045 4242
-1 4159
6792 5251
-1 -1
9311 3863
6860 6110
-1 -1
5089 5265
-1 4459
-1 9320
4423 -1
-1 -1
4494 8195
-1 9259
4338 -1
5834 5274
9845 5062
7219 -1
3925 4945
4341 4644
-1 -1
-1 -1
5630 7584
-1 -1
3816 4152
3825 8843
-1 4877
7671 -1
3913 6548
-1 -1
-1 -1
4853 4565
6033 5240
7891 -1
-1 4379
6953 -1
-1 6206
-1 9178
-1 -1
-1 5060
3991 -1
-1 -1
6857 -1
8871 -1
-1 -1
6935 -1
6244 5924
9693 5566
-1 5660
-1 8037
4944 4872
6381 -1
8146 -1
3873 8278
8551 3860
-1 -1
7454 9026
5574 -1
-1 -1
7975 3861
-1 5519
-1 -1
-1 5374
4865 7627
4454 -1
7039 4311
8203 6642
-1 -1
4483 7951
-1 -1
4146 -1
4119 7320
-1 7844
-1 6304
-1 4168
-1 -1
3886 5042
-1 9224
-1 4629
-1 5201
5860 -1
5649 4334
5946 4239
-1 -1
6681 7312
-1 -1
6324 5552
-1 3862
-1 6072
-1 -1
6239 3924
7119 3908
4939 9458
-1 9246
6630 6298
7741 3940
5269 -1
-1 6716
5330 5489
8346 3953
8336 -1
8264 -1
8540 6732
3918 -1
4595 9900
-1 -1
7385 -1
7290 9426
5078 5253
-1 4468
5572 4535
-1 4344
4295 4553
7203 -1
7306 4651
4987 5480
-1 -1
-1 -1
4795 -1
-1 4855
9058 -1
-1 7488
-1 -1
6718 4369
-1 5093
5001 -1
-1 6173
7651 4650
-1 3906
-1 -1
4730 6656
-1 -1
3919 4608
-1 -1
-1 5452
4222 9969
-1 3951
7184 -1
6356 -1
8907 5405
7549 -1
4691 -1
5837 -1
4297 -1
4442 7051
6524 -1
-1 8804
-1 8880
9177 -1
-1 -1
9694 6525
6997 5835
4251 4522
5210 -1
-1 -1
5890 9538
-1 5587
-1 -1
9463 -1
6585 -1
4279 -1
4838 7041
7545 5620
-1 -1
-1 7747
3928 -1
8396 9527
5419 -1
-1 5204
8172 -1
-1 6550
4174 -1
-1 6423
-1 -1
8097 8332
6126 -1
-1 -1
4988 -1
-1 -1
4378 -1
-1 7638
4130 6003
-1 7907
-1 -1
8229 -1
9860 -1
4876 -1
4826 4585
3974 -1
8103 5392
-1 -1
4292 6460
9304 9678
7037 -1
8163 5347
-1 5155
5023 4887
5008 6151
-1 4509
-1 4489
6468 -1
-1 4214
4015 -1
-1 -1
-1 5738
6511 -1
-1 7262
-1 -1
4842 -1
5906 7445
5538 8796
6734 6426
4655 -1
5737 -1
9517 -1
7506 -1
5190 4736
4745 4109
4539 6050
-1 -1
8175 6785
-1 -1
-1 5530
4207 6132
7913 4055
4135 8397
-1 5762
6753 4037
-1 -1
4235 -1
5554 -1
-1 -1
-1 4405
4191 5601
-1 5456
4642 5028
5968 7050
5692 9605
-1 -1
-1 5173
-1 -1
5806 4502
4511 -1
5003 5583
-1 9167
4710 -1
-1 -1
7845 -1
4558 -1
5111 7243
4307 -1
9553 8235
-1 -1
-1 7327
-1 8884
5200 -1
5257 -1
4187 -1
6366 4658
-1 5501
-1 -1
6854 4989
-1 -1
-1 -1
-1 -1
-1 6056
5542 6670
-1 6527
6361 -1
4099 -1
4353 -1
5180 -1
4248 -1
5588 -1
9119 4340
5952 -1
5229 -1
4737 4767
-1 -1
5881 -1
-1 5172
4801 5185
8738 5647
-1 5931
-1 -1
5451 -1
-1 -1
4808 4942
5140 4512
-1 5727
-1 8517
4486 7840
-1 -1
-1 7737
-1 5774
-1 -1
9798 -1
8429 4803
5241 -1
-1 5206
-1 6978
4852 6090
-1 7911
-1 6076
-1 5960
-1 4860
-1 7613
4832 7241
6765 -1
-1 -1
5389 4202
-1 -1
-1 4866
-1 -1
9856 -1
7029 -1
5654 4278
5252 -1
-1 5980
4438 6725
4602 -1
4254 -1
4139 -1
7075 8239
-1 6369
5744 -1
-1 -1
5540 6775
-1 -1
-1 4380
9950 5672
-1 -1
4914 -1
8814 9659
4599 6940
-1 7906
7984 -1
4864 -1
-1 4572
9518 -1
4501 -1
-1 4386
4597 4357
4155 4333
7001 -1
6273 -1
-1 -1
5343 -1
4956 7425
7095 4364
6429 5065
7281 4626
8090 5953
4899 8574
6890 5267
-1 -1
-1 5141
6352 4882
4131 4314
-1 7305
8590 -1
5569 5914
-1 -1
8394 5362
-1 6980
5117 -1
-1 -1
-1 -1
5131 6613
5127 4621
-1 6589
7093 -1
9378 4763
8672 -1
4798 4594
6606 5320
-1 7078
6140 -1
6078 4392
7932 8983
5047 -1
6809 6612
-1 9384
5751 -1
6747 -1
4291 -1
5161 -1
7605 -1
-1 -1
-1 5526
-1 7566
-1 4215
7400 -1
8126 7337
-1 5006
5779 -1
6829 -1
4707 4709
5802 5404
-1 -1
-1 -1
-1 -1
4722 8425
-1 -1
9529 5961
-1 8310
5407 7554
4277 8261
5041 5453
-1 5796
-1 -1
-1 5450
5958 4228
5324 5333
9131 -1
9216 5486
-1 -1
-1 8475
5110 8770
4634 5381
-1 -1
5504 -1
4403 5295
4880 4958
-1 -1
-1 -1
7901 6066
-1 6669
7310 4523
-1 8947
8152 9671
4395 -1
-1 7585
6464 -1
-1 -1
9264 4588
-1 4633
-1 5675
-1 8201
-1 -1
8695 -1
9993 5702
7198 4548
-1 5288
-1 -1
-1 4521
6702 -1
-1 7359
-1 6780
4723 -1
4844 -1
-1 -1
-1 -1
6930 -1
5059 -1
4562 5898
4518 -1
6776 9169
4361 -1
6159 9946
8124 6174
6053 8970
6444 -1
4676 4821
9236 8505
6510 -1
8084 -1
-1 -1
-1 -1
-1 8548
8116 7280
-1 -1
5988 4784
6386 6307
7025 4793
4389 4772
-1 -1
8986 -1
7959 9511
6514 5428
-1 -1
-1 8317
5785 8854
6095 6178
-1 4450
8464 -1
6180 4938
7181 7560
4367 6720
8949 5031
-1 -1
4440 4682
8155 4681
-1 -1
6175 -1
6987 -1
7432 6865
-1 6142
5361 7493
-1 4370
6991 -1
5313 6758
5600 -1
5326 -1
-1 7568
7530 5102
5396 4531
-1 5550
-1 5088
7447 -1
4457 5129
-1 9492
5719 4541
8136 -1
-1 5064
4672 -1
-1 -1
-1 6808
5337 5352
7591 5929
9919 5688
4504 -1
-1 6842
7471 4525
-1 -1
-1 -1
-1 -1
-1 -1
4742 8013
5656 5026
-1 -1
-1 5755
6052 7928
6856 5745
9028 5903
7971 6880
4822 9317
4867 6518
-1 8108
-1 -1
9445 6168
7842 -1
4680 9048
4555 4881
5276 4779
-1 4354
-1 -1
-1 -1
5716 -1
5567 6863
-1 5012
7786 9251
5882 -1
8041 6579
-1 4391
-1 -1
5546 5297
8363 4356
-1 6390
-1 4901
9455 -1
-1 -1
4382 4564
-1 5867
4871 5468
4570 -1
-1 -1
7500 -1
-1 5455
-1 -1
-1 5666
5316 -1
-1 -1
5353 -1
-1 7336
9300 -1
7760 5773
4646 4689
5424 5902
-1 -1
6871 -1
-1 4510
-1 7666
4600 -1
-1 -1
5372 -1
-1 -1
-1 7209
7558 8241
-1 4393
6470 5485
-1 -1
4971 -1
4685 -1
-1 -1
8497 4702
-1 7963
-1 7808
5845 4749
5641 4903
-1 7177
-1 7458
-1 9008
-1 5364
-1 5423
7478 -1
8379 5534
5268 5309
5112 -1
-1 6447
-1 4919
-1 6412
4963 8303
6061 7378
-1 4898
-1 -1
5635 4724
-1 6276
-1 5748
6742 5594
8217 8402
-1 -1
6768 -1
7562 5146
6838 7266
4746 7231
-1 8293
-1 8069
7111 7475
-1 5061
8867 4640
6672 4497
-1 5097
6533 7026
8834 7103
4475 5327
6111 5421
5040 5128
-1 4460
-1 8017
9351 5366
5449 5248
-1 -1
-1 4671
-1 4493
-1 4715
-1 -1
6945 7440
4566 -1
6332 -1
6506 -1
7552 -1
5176 -1
7367 5323
7755 9535
4563 -1
7131 -1
7793 6801
8490 4665
4895 4417
-1 5993
5356 7329
-1 6424
-1 -1
-1 -1
5208 6172
-1 -1
-1 6177
8917 -1
-1 -1
-1 -1
5433 -1
-1 -1
-1 9923
-1 -1
-1 5545
7721 -1
-1 -1
-1 -1
4747 -1
-1 6410
6466 4816
-1 -1
-1 -1
-1 7252
8308 7080
-1 5414
-1 4456
7649 8361
-1 -1
-1 -1
6264 8253
5203 8192
-1 7949
8442 -1
9651 -1
-1 4967
6294 -1
-1 5346
6212 9815
5938 5838
4712 6428
4701 -1
8320 5227
7861 -1
-1 6729
-1 -1
-1 7693
7009 5132
4529 -1
-1 6812
-1 -1
5763 -1
-1 7859
4705 5339
6535 -1
-1 4675
6389 -1
7853 -1
5264 -1
-1 8255
4848 -1
-1 8356
5411 5840
-1 -1
5156 9594
5875 7091
7720 -1
8579 -1
-1 5094
4647 5536
7294 -1
-1 9894
6569 9987
9121 -1
-1 5947
-1 -1
6941 6397
7904 6301
6901 -1
6638 -1
6914 9398
8483 4805
4711 -1
-1 7235
6567 -1
-1 6733
-1 6522
7222 6822
-1 -1
7390 -1
4613 4552
-1 -1
5775 -1
4605 6937
-1 -1
5582 9313
-1 5234
-1 5033
9113 5458
6783 -1
-1 6592
4728 5108
6641 -1
-1 -1
-1 4783
5943 5349
7333 -1
7428 -1
4575 6069
-1 -1
-1 4580
4706 -1
9597 -1
-1 -1
5886 5175
9286 5074
-1 8355
6315 -1
6458 8226
6336 6898
-1 -1
7319 6415
-1 6408
5368 7122
4768 -1
6596 8109
-1 8993
-1 5800
6668 -1
-1 -1
6226 5293
8484 -1
-1 -1
7244 -1
9042 -1
5306 -1
4794 -1
-1 8516
8087 6391
4962 8455
7373 4817
4603 9957
-1 7933
6084 -1
-1 -1
-1 7254
6798 6478
7679 5500
5557 5236
-1 6080
7685 -1
9721 7882
4961 5699
-1 -1
5645 -1
-1 4921
-1 -1
9739 9838
-1 9547
5696 8078
8372 4660
7019 4687
-1 6771
7331 4741
5939 -1
-1 -1
6227 -1
8829 6581
5809 -1
9710 8805
-1 -1
9149 -1
7936 7532
4630 -1
-1 -1
-1 -1
5153 -1
-1 7661
-1 -1
-1 5711
-1 6285
5797 -1
-1 7777
6409 7997
7878 -1
8990 9226
4639 4837
6042 6844
6123 8691
6347 5822
-1 -1
6903 -1
6736 -1
8237 -1
-1 5426
8263 -1
-1 8289
5373 -1
7439 9852
5009 4893
-1 6306
-1 6618
-1 5157
-1 -1
5514 5461
-1 -1
-1 6025
-1 4909
9995 -1
4980 6103
6505 -1
5829 -1
-1 -1
8458 7897
7582 9799
7303 8926
6028 6029
7748 5211
5639 6011
7430 9092
5850 9370
8734 -1
-1 7962
6933 -1
9846 -1
-1 -1
-1 5350
6179 -1
7939 8434
5420 5517
5771 -1
-1 4912
-1 -1
4785 6594
4885 5769
5604 -1
-1 -1
4926 7738
6726 -1
-1 -1
-1 -1
5736 9901
6344 -1
9994 5202
6712 -1
-1 -1
8541 7042
7863 -1
6650 6325
-1 -1
-1 7409
-1 -1
-1 7920
5614 -1
-1 7353
-1 -1
-1 -1
4907 -1
-1 -1
6528 -1
-1 4851
4695 6378
6213 5844
5549 4849
-1 8048
-1 -1
5165 9252
9688 -1
-1 4740
-1 6463
-1 9841
-1 -1
-1 7608
9939 5080
-1 8835
-1 -1
-1 7960
5044 7684
-1 -1
-1 -1
4889 7168
4846 6136
5767 6680
-1 -1
-1 -1
-1 7514
5922 6317
-1 -1
7486 4954
-1 -1
6065 -1
5849 -1
6032 -1
7476 6623
8053 8817
-1 4754
6360 -1
-1 -1
-1 -1
-1 5684
-1 -1
-1 8209
7036 -1
6224 5133
-1 4890
6228 6407
5577 -1
4953 -1
6287 -1
7351 -1
5325 9182
8966 -1
8904 7067
-1 5872
-1 -1
-1 6853
9854 5178
8216 6900
5053 6908
-1 6392
7758 4927
-1 -1
5521 -1
-1 4950
5983 -1
4968 8988
-1 5933
7856 5603
-1 8982
-1 -1
5729 -1
5910 5913
4814 5640
4981 -1
9312 -1
8791 5826
6456 -1
-1 5045
-1 -1
7064 -1
6398 5168
9382 5593
5387 6709
-1 5481
4841 -1
-1 -1
9052 -1
5753 8457
-1 -1
-1 9115
-1 -1
6115 5707
-1 5030
6155 6153
5219 6723
-1 6512
-1 5673
-1 4827
-1 -1
5888 -1
8816 -1
-1 -1
-1 5136
4897 -1
5693 5843
9564 6259
-1 -1
-1 5512
8200 -1
-1 -1
8656 -1
-1 5682
-1 -1
7606 6268
-1 -1
9118 7837
5717 -1
-1 6135
-1 9345
-1 -1
-1 -1
-1 6738
-1 8374
-1 -1
-1 6588
5163 5465
-1 -1
-1 -1
6297 9961
-1 -1
-1 4923
-1 5443
6730 -1
6075 -1
-1 5261
-1 8265
5482 -1
-1 -1
-1 -1
5858 5477
5021 7044
7092 5005
-1 5651
-1 -1
-1 -1
6218 5618
-1 -1
6037 5120
7275 -1
-1 -1
6082 5949
7125 -1
-1 8487
7166 6927
9056 9755
-1 7494
5016 -1
-1 5304
8810 5619
6414 9810
-1 9206
6831 -1
8035 8390
5230 7616
5254 -1
-1 -1
-1 6655
-1 5606
-1 -1
9897 -1
5092 -1
5941 5444
8545 -1
9162 5828
-1 9829
-1 -1
-1 5403
-1 9519
6633 -1
-1 5622
-1 -1
-1 -1
7159 -1
-1 6678
5058 8941
-1 7265
7628 9883
8922 7356
-1 6473
-1 -1
8174 8252
6519 -1
-1 -1
9239 -1
6316 9086
-1 -1
5177 8408
-1 7869
-1 7601
5794 7953
-1 7546
7247 7273
-1 8375
6162 8562
8169 6124
-1 8899
5057 -1
7161 -1
8382 -1
6932 -1
7813 -1
6079 -1
-1 -1
-1 -1
-1 -1
5522 6404
-1 -1
6353 -1
8157 5916
6283 -1
-1 7176
5551 5287
-1 5731
-1 -1
-1 9500
-1 6697
7013 5179
-1 6764
-1 -1
-1 7355
6490 -1
-1 -1
5498 5305
-1 5314
6704 -1
-1 9275
-1 5633
-1 -1
9139 -1
-1 8468
-1 -1
5192 -1
-1 -1
-1 5459
-1 5087
9347 5417
6098 5964
-1 6427
5908 6745
7381 -1
5416 9849
7361 -1
7987 5103
-1 6517
6327 8604
-1 9737
-1 -1
8042 6046
5246 8238
-1 -1
-1 5415
-1 -1
5247 5083
-1 -1
-1 -1
-1 -1
-1 -1
6183 -1
5270 7704
9186 6368
-1 9201
-1 -1
-1 8573
8630 -1
-1 5777
5095 5793
-1 5027
6455 -1
5921 5827
9007 5516
9332 7894
5385 -1
5354 -1
-1 7561
4998 5101
-1 8454
5439 -1
8406 -1
-1 9826
9047 9591
5036 6744
-1 -1
6073 -1
7994 -1
-1 -1
5795 9376
-1 -1
-1 8380
7988 5636
-1 -1
7082 7380
5029 -1
8789 -1
-1 -1
8608 5442
-1 -1
5610 7727
5957 7728
9823 -1
9373 -1
-1 -1
-1 -1
7852 -1
8833 7607
5804 7948
6047 6480
6068 5895
-1 -1
-1 6636
9397 5395
-1 6199
5901 9744
-1 -1
-1 -1
5124 -1
6939 8875
6688 -1
6243 -1
5967 -1
7717 -1
-1 -1
-1 -1
8118 8430
5589 5754
-1 -1
5543 6714
-1 5863
9172 6973
8423 -1
-1 5935
7535 6849
5509 -1
8107 -1
8847 -1
-1 -1
5798 -1
-1 7866
-1 -1
5307 -1
9956 5571
-1 5447
5959 9486
8115 5081
-1 -1
6008 -1
-1 -1
-1 6170
-1 8083
-1 6708
5134 -1
-1 -1
-1 -1
7698 -1
6549 8159
-1 6184
-1 5071
-1 -1
8515 -1
-1 5086
6210 -1
-1 -1
6637 8019
-1 8724
7602 -1
-1 5975
6882 -1
8489 -1
-1 -1
-1 5497
5746 -1
-1 8186
7295 9717
-1 -1
-1 -1
-1 -1
-1 8702
-1 -1
-1 -1
-1 -1
-1 -1
5242 -1
-1 5139
-1 -1
7334 -1
-1 6370
-1 6851
8918 7200
-1 -1
-1 5592
6686 -1
8125 7169
5135 6038
-1 -1
7000 -1
5563 -1
-1 -1
7062 6128
-1 6254
-1 5555
-1 -1
-1 8710
9906 6106
-1 -1
-1 -1
6286 7505
6163 -1
5674 7770
-1 -1
9541 5479
-1 -1
9138 -1
7071 8653
9036 -1
-1 -1
-1 5994
-1 -1
5595 -1
-1 -1
-1 5811
9269 -1
5876 -1
7588 5750
9997 7543
-1 5537
-1 -1
6064 -1
-1 7699
5277 -1
6351 9958
8942 -1
-1 6735
-1 8165
6031 -1
8938 -1
-1 -1
-1 6626
-1 -1
-1 7781
8143 -1
-1 7112
6568 8704
-1 5224
8341 -1
8127 -1
-1 -1
5360 -1
-1 6217
7784 -1
-1 -1
8676 -1
5776 -1
-1 -1
-1 7386
5488 -1
-1 -1
5978 -1
7436 -1
-1 5784
-1 7058
-1 -1
6899 7033
6481 -1
-1 -1
-1 7368
6271 5815
7826 -1
-1 8812
7574 -1
-1 7982
5351 5199
6148 6345
-1 6850
7733 9253
7396 8807
-1 -1
8459 9016
9094 7893
-1 8212
9005 -1
-1 -1
-1 6457
5181 -1
-1 6960
-1 5260
-1 -1
-1 6685
-1 -1
7323 -1
7672 -1
5609 -1
-1 5188
-1 5380
-1 8844
-1 8735
-1 8110
-1 -1
6821 -1
-1 -1
9075 -1
-1 -1
6494 -1
-1 8073
-1 -1
5358 5722
-1 5846
-1 -1
9502 5721
6952 -1
7670 -1
8324 -1
-1 5298
-1 -1
5292 -1
-1 -1
-1 9448
-1 7212
-1 6875
7726 -1
-1 -1
-1 7739
-1 -1
7668 -1
-1 -1
5616 6599
6543 7276
7040 6894
8567 -1
6044 -1
-1 -1
5665 -1
8223 8808
9680 5445
5819 6929
-1 -1
9291 7056
5533 -1
7538 7531
6998 -1
9102 -1
-1 5757
-1 6167
-1 7127
5927 6658
6149 -1
-1 5487
6695 7662
-1 -1
6985 5937
5365 7357
8853 5375
-1 7038
5331 8542
-1 -1
-1 -1
6813 -1
6816 9653
-1 6557
-1 -1
-1 -1
-1 5765
7098 7575
-1 -1
-1 5739
-1 9673
-1 8433
5410 -1
7429 -1
9196 -1
7115 6584
-1 -1
8635 -1
-1 -1
7163 5930
5821 -1
-1 7054
-1 -1
-1 -1
6016 6847
9934 -1
7063 8081
5296 9179
5747 -1
-1 -1
-1 -1
-1 7420
-1 -1
-1 -1
-1 5865
-1 8243
-1 5344
7147 -1
-1 -1
5437 9263
-1 9324
7347 7477
-1 6349
-1 -1
-1 -1
-1 -1
6750 -1
9424 -1
-1 8792
-1 -1
-1 6503
6611 6288
-1 -1
-1 9733
7883 6388
-1 -1
-1 -1
-1 6485
7598 -1
-1 5768
6129 5662
7046 6420
7153 7405
-1 8044
-1 -1
6253 7419
-1 -1
6241 -1
-1 -1
6009 -1
-1 -1
6059 8099
-1 -1
-1 -1
9899 -1
-1 -1
7271 6691
-1 -1
7160 5979
-1 -1
-1 -1
-1 7655
-1 8703
-1 -1
7151 -1
-1 6223
-1 8893
6443 -1
9198 6541
-1 5862
-1 -1
9090 -1
7980 -1
-1 9625
6152 -1
-1 -1
9783 8981
5474 6818
-1 7167
9607 7408
6406 9996
8522 -1
-1 -1
-1 -1
8532 -1
-1 -1
9809 9626
8128 -1
-1 -1
-1 6012
-1 -1
8971 9116
7908 5432
-1 5605
-1 8339
8901 -1
5513 -1
-1 7100
6918 5607
-1 9588
-1 9105
-1 -1
6448 -1
7703 -1
6833 5575
9825 -1
9871 -1
8409 7641
-1 8930
6083 -1
-1 7406
7673 -1
-1 7233
8992 -1
-1 -1
9965 6122
-1 -1
5854 7664
-1 -1
7134 6176
6250 7264
6440 -1
-1 5413
7775 6081
8052 5733
-1 -1
8268 7370
-1 -1
-1 7309
-1 7924
-1 8466
9881 6887
-1 -1
-1 -1
7485 -1
-1 -1
-1 7437
-1 -1
-1 9907
-1 -1
7843 6018
7015 -1
-1 7870
7101 -1
5478 6358
-1 -1
5690 -1
-1 -1
-1 -1
8795 -1
-1 7171
8537 8546
-1 5678
9970 6897
7696 -1
8171 7300
-1 -1
8712 -1
5535 5448
-1 7567
-1 -1
8778 5562
6343 -1
-1 7692
7630 -1
-1 -1
-1 6265
-1 6883
-1 -1
-1 -1
-1 -1
-1 -1
7586 -1
-1 7996
5694 -1
9067 7805
-1 -1
-1 -1
-1 7279
5527 5590
9077 8857
6497 5734
-1 7210
-1 -1
-1 -1
9618 -1
8959 -1
6587 6357
7375 6036
6289 9059
5503 -1
-1 7849
-1 -1
-1 5598
-1 -1
6886 -1
-1 -1
-1 5781
5710 -1
5944 6355
7411 -1
9454 7807
8682 8911
-1 -1
6576 -1
-1 -1
-1 -1
-1 -1
-1 5544
-1 -1
-1 -1
-1 -1
5998 6323
-1 -1
-1 -1
-1 8412
-1 8713
-1 -1
6547 7940
5770 -1
9180 -1
9562 -1
-1 -1
-1 -1
-1 -1
-1 6204
8651 7487
7572 6417
-1 -1
7017 8071
9422 -1
-1 7516
-1 -1
6942 6659
-1 -1
-1 8753
6291 7194
-1 5995
-1 -1
-1 7912
-1 -1
-1 -1
-1 5680
6916 -1
-1 7686
7542 -1
8905 -1
6462 -1
9768 -1
6909 6255
-1 6207
9436 8848
6546 -1
9170 -1
6977 8496
6400 8815
-1 -1
6300 -1
7365 -1
-1 7175
5986 7711
6383 9697
8528 -1
-1 -1
7003 -1
8802 8180
5743 -1
-1 9205
-1 8051
5627 -1
-1 -1
5735 6608
7604 -1
5848 6035
-1 5897
9665 -1
-1 6605
-1 5926
9959 5896
-1 -1
7795 -1
7205 6197
-1 -1
-1 6203
-1 7938
-1 7743
6105 -1
-1 -1
5780 6989
-1 -1
-1 6703
9245 6580
-1 -1
-1 -1
-1 -1
-1 -1
-1 -1
-1 -1
-1 -1
-1 8896
6603 -1
-1 -1
-1 7321
-1 5720
-1 5677
-1 -1
8822 6141
7854 8150
6573 5698
-1 8978
-1 -1
-1 -1
-1 -1
6477 8305
-1 6165
-1 7941
-1 -1
-1 6682
5758 -1
7524 -1
-1 -1
-1 5974
-1 -1
7653 8321
6646 5836
7263 6189
-1 8419
-1 -1
9017 -1
-1 -1
-1 6346
-1 -1
8685 -1
8092 -1
6277 -1
-1 -1
-1 7182
-1 -1
6802 -1
-1 -1
-1 -1
6233 -1
-1 8629
9636 -1
-1 6030
7138 -1
-1 -1
-1 5648
-1 -1
5740 -1
7968 -1
-1 6108
-1 -1
7536 8739
-1 6087
6137 5852
5893 -1
-1 9069
-1 -1
-1 -1
-1 -1
9577 9031
-1 -1
-1 -1
-1 6540
7284 -1
9973 5954
-1 5830
-1 7825
-1 6495
-1 9260
-1 -1
-1 -1
7018 -1
-1 -1
-1 -1
8749 -1
-1 -1
-1 6104
6906 -1
6590 -1
-1 -1
-1 -1
-1 -1
-1 5653
-1 -1
-1 -1
-1 -1
-1 -1
-1 6376
-1 6515
-1 -1
5671 -1
9292 -1
-1 -1
-1 -1
-1 -1
-1 -1
-1 -1
-1 -1
6721 -1
5790 -1
9782 8625
-1 -1
8004 -1
7316 -1
-1 -1
6620 -1
-1 8623
-1 -1
-1 8641
8634 7620
5970 5925
5936 6971
6698 6432
-1 7288
-1 9274
6160 6539
-1 -1
-1 -1
7905 7330
5817 8535
-1 9668
9457 -1
-1 7179
-1 7816
-1 -1
-1 6013
9508 6145
-1 8318
7088 8219
7338 -1
-1 -1
-1 -1
-1 -1
7957 -1
-1 8351
-1 8903
6097 -1
7158 7407
8769 7414
7958 -1
-1 8830
-1 -1
7587 6895
-1 -1
5786 -1
-1 5920
-1 -1
-1 -1
8718 8647
-1 5832
-1 -1
-1 5861
-1 6683
-1 -1
9210 9157
8428 6240
7144 7366
8614 7929
-1 -1
6551 -1
9787 -1
-1 6242
6113 8787
7397 -1
6453 -1
6907 -1
-1 7815
-1 6007
-1 7553
-1 -1
-1 7197
-1 9643
-1 5868
6171 -1
-1 -1
8312 -1
-1 6365
9654 9203
-1 -1
6281 6049
6634 -1
-1 -1
6910 -1
6583 -1
-1 7135
-1 -1
9043 9924
9834 8748
-1 -1
-1 -1
-1 -1
-1 -1
-1 -1
9277 -1
-1 5977
-1 -1
-1 -1
9255 -1
6190 -1
-1 6629
-1 5892
-1 6278
6491 7260
6679 -1
-1 -1
6334 8828
9918 -1
7304 9734
6320 -1
-1 -1
7089 6969
8581 5880
6063 6094
-1 -1
6373 -1
7753 7354
5803 -1
6021 7665
7976 6616
-1 -1
-1 -1
6873 6433
6846 7799
6270 -1
6310 -1
9232 -1
-1 -1
7081 7889
7712 -1
-1 -1
6779 7077
-1 -1
6293 6048
6099 6513
-1 7798
6399 -1
7223 -1
-1 5879
8058 8467
-1 8723
-1 -1
-1 5870
8856 8514
-1 6855
-1 9640
9137 6715
6811 9143
7423 -1
-1 -1
-1 -1
7635 -1
5915 -1
-1 -1
-1 -1
-1 -1
6885 7393
-1 9641
-1 8693
-1 -1
8149 -1
-1 -1
-1 7492
-1 7141
-1 7283
8882 -1
6395 -1
-1 6559
6645 -1
-1 8539
-1 8972
-1 6010
-1 9931
-1 -1
-1 7427
-1 6302
-1 -1
9546 -1
-1 -1
-1 -1
6267 9403
-1 -1
-1 -1
6684 -1
-1 -1
5918 6295
-1 -1
8221 -1
-1 6662
9302 6284
-1 6121
6602 -1
-1 8953
9386 6476
-1 6237
-1 -1
6384 6339
-1 6766
-1 -1
6966 -1
9446 -1
-1 7344
-1 -1
-1 -1
8286 7998
-1 6116
-1 6209
8101 -1
-1 -1
7339 -1
-1 -1
-1 -1
-1 -1
8866 -1
8371 -1
-1 -1
-1 -1
-1 6100
6041 -1
-1 7785
-1 6544
-1 7768
-1 8139
-1 -1
-1 -1
-1 6394
7626 7709
8477 6474
-1 7180
-1 6359
-1 -1
8596 -1
6946 -1
-1 5997
-1 -1
6992 -1
-1 -1
6266 -1
6675 -1
-1 -1
-1 -1
-1 -1
7196 -1
7227 -1
7164 -1
6231 9241
-1 -1
-1 -1
6919 -1
-1 -1
7059 9522
-1 -1
7060 6125
6055 8207
7255 7619
8240 -1
-1 -1
7656 -1
-1 8640
6234 -1
7032 -1
-1 -1
-1 -1
-1 -1
8717 9811
6249 -1
-1 8784
8659 -1
-1 -1
7690 6372
-1 -1
-1 -1
-1 -1
8989 9467
-1 -1
-1 -1
9968 -1
6651 7687
9200 -1
-1 9753
-1 -1
7418 -1
8577 6269
9497 8952
-1 -1
-1 8422
6338 -1
-1 -1
-1 8752
-1 -1
-1 -1
7218 -1
6354 8354
7571 -1
9804 6436
-1 6382
-1 -1
-1 -1
-1 -1
-1 -1
-1 9314
-1 -1
6002 -1
8523 6484
7499 6434
7507 -1
-1 6891
6015 -1
6034 -1
8761 6331
6820 -1
8836 -1
-1 -1
7674 -1
-1 -1
7547 -1
-1 8463
-1 -1
-1 6693
-1 -1
-1 -1
-1 -1
-1 6982
7646 6743
-1 9601
6591 -1
-1 8733
7969 7576
-1 -1
8890 -1
-1 -1
-1 -1
8343 -1
9557 7297
-1 9129
6609 6974
-1 7104
-1 -1
7462 -1
7701 -1
-1 -1
6133 6421
-1 8524
-1 -1
7186 -1
6418 -1
-1 -1
7776 -1
8414 6787
7677 -1
8927 6024
6621 8678
6674 9032
-1 6102
6089 -1
8349 -1
8931 -1
6501 8225
-1 7328
9847 7502
9199 9435
-1 -1
-1 -1
-1 -1
8161 9498
7504 -1
-1 9978
9207 -1
-1 -1
-1 -1
-1 -1
9619 -1
-1 9690
6139 -1
-1 8300
-1 -1
-1 6956
-1 7061
-1 -1
-1 6741
-1 -1
-1 -1
-1 -1
-1 -1
7183 -1
-1 -1
7731 8194
8256 9705
-1 8740
9098 7226
-1 6624
-1 -1
-1 8688
-1 -1
-1 -1
-1 -1
7537 7083
8364 -1
-1 8170
6157 -1
-1 -1
-1 7087
-1 7102
-1 7625
-1 6112
-1 -1
7644 -1
-1 -1
-1 -1
-1 7887
-1 7761
-1 7745
-1 6739
-1 7633
-1 -1
-1 -1
7277 -1
-1 6280
-1 6488
-1 9656
8755 -1
-1 -1
-1 -1
-1 -1
-1 -1
9614 6955
-1 -1
7448 -1
7983 6986
-1 -1
6652 9516
8975 7045
-1 -1
-1 -1
-1 -1
6803 6465
7802 6928
-1 7930
-1 8162
-1 -1
-1 8145
-1 8001
7990 7224
-1 -1
-1 6221
8700 -1
8759 -1
-1 -1
8452 7189
6805 8205
8582 -1
-1 -1
-1 6531
-1 -1
6948 -1
-1 -1
-1 -1
-1 7622
6396 -1
-1 8775
6321 -1
7096 -1
6147 -1
-1 9700
-1 -1
-1 -1
7956 -1
-1 -1
-1 6817
-1 -1
-1 9647
7892 -1
7822 -1
-1 -1
6921 8806
-1 9814
-1 6619
-1 -1
-1 -1
-1 6509
-1 -1
-1 -1
-1 7772
-1 -1
-1 -1
-1 7705
6229 -1
7791 -1
-1 -1
8878 8036
-1 -1
-1 -1
-1 9887
-1 -1
-1 -1
9582 -1
-1 6577
-1 -1
8431 -1
-1 -1
-1 -1
6861 6878
6770 8650
-1 -1
6362 -1
-1 6413
-1 -1
7509 7146
-1 -1
-1 8660
-1 -1
9808 -1
-1 -1
-1 6521
-1 6263
-1 7947
7010 6667
7128 9050
-1 6446
-1 -1
6924 -1
7658 8329
-1 -1
-1 -1
7221 -1
7466 -1
7645 6532
-1 -1
6797 -1
8555 6975
-1 -1
9880 -1
-1 -1
-1 -1
-1 -1
-1 6663
8032 -1
-1 -1
-1 -1
9330 -1
-1 -1
-1 7109
-1 -1
6884 -1
-1 8698
-1 -1
-1 -1
6631 9221
-1 -1
9589 -1
-1 8119
-1 -1
7120 -1
-1 -1
-1 -1
8977 6934
8661 7637
-1 7291
-1 -1
-1 -1
-1 -1
6272 -1
-1 9093
6810 -1
-1 8167
-1 8273
-1 -1
9040 -1
6274 -1
-1 -1
-1 -1
6807 7239
7834 9281
-1 -1
-1 -1
-1 7603
-1 -1
7228 -1
8943 -1
-1 -1
7395 -1
-1 -1
-1 -1
-1 8046
-1 7341
-1 -1
9355 8258
9875 -1
-1 -1
-1 6661
6299 6867
-1 -1
8849 -1
-1 -1
8197 -1
6309 -1
-1 -1
8151 7915
-1 8820
-1 9863
7157 -1
-1 6375
-1 -1
9390 -1
-1 6912
6772 9191
8191 8068
-1 6653
7332 -1
-1 -1
6868 9108
8104 7521
-1 -1
-1 -1
-1 9521
-1 -1
-1 7806
-1 6405
-1 -1
-1 -1
-1 6504
8064 -1
6728 -1
-1 -1
-1 -1
-1 -1
-1 -1
-1 6439
-1 -1
-1 -1
-1 -1
-1 -1
-1 -1
-1 -1
7986 -1
7569 -1
-1 -1
8894 9388
9218 -1
-1 -1
9742 6869
6425 -1
8063 -1
-1 -1
-1 -1
-1 -1
-1 -1
-1 -1
-1 -1
-1 -1
-1 -1
-1 -1
6643 -1
8141 -1
-1 -1
-1 -1
-1 -1
7220 -1
-1 8307
-1 6951
-1 -1
-1 8638
-1 -1
9331 -1
-1 -1
-1 -1
-1 -1
7865 -1
-1 6472
-1 -1
-1 -1
-1 7410
-1 -1
-1 -1
-1 -1
-1 -1
-1 -1
-1 -1
7152 6469
-1 7636
6773 6877
-1 7722
9781 6534
-1 6694
-1 8865
-1 -1
6967 6673
-1 -1
-1 8961
8838 7240
-1 -1
8070 7773
6393 7362
6545 -1
-1 -1
-1 -1
-1 -1
-1 7123
-1 6401
9869 -1
-1 -1
7107 -1
-1 -1
6502 -1
-1 -1
-1 7073
-1 -1
-1 9267
-1 -1
7014 7415
8655 -1
-1 8520
6938 -1
-1 -1
-1 8686
-1 -1
-1 8885
6441 -1
-1 -1
-1 8680
-1 -1
-1 -1
-1 6442
-1 -1
9228 8066
-1 6902
7293 7417
6632 8404
-1 8888
-1 -1
-1 -1
-1 -1
-1 -1
-1 7821
-1 -1
-1 -1
-1 -1
-1 -1
-1 9268
8877 6639
-1 -1
-1 9507
-1 -1
-1 -1
9469 -1
9873 7296
8762 -1
-1 -1
-1 -1
-1 -1
-1 -1
7016 7838
-1 6876
9756 8632
-1 8190
7898 -1
8607 9189
7002 8549
-1 -1
-1 6976
-1 -1
6598 -1
-1 -1
8725 -1
8347 8675
-1 -1
6819 -1
-1 -1
-1 -1
-1 9706
-1 -1
8089 8144
7810 -1
8570 7049
-1 -1
-1 -1
7376 -1
-1 -1
8018 7713
-1 -1
-1 8602
6837 6520
-1 6784
-1 -1
8112 -1
-1 -1
-1 -1
9612 8649
8472 -1
8669 7215
-1 -1
-1 -1
-1 -1
-1 -1
9735 -1
-1 -1
6648 -1
-1 9049
-1 8259
-1 -1
9569 -1
-1 -1
-1 -1
9439 -1
7716 7923
-1 7084
-1 7011
-1 -1
-1 8007
7623 -1
8583 9905
-1 6762
-1 -1
-1 6530
-1 -1
-1 9391
7895 7910
-1 7165
8313 9415
-1 -1
-1 -1
-1 7199
6600 9862
9212 6828
-1 -1
-1 6523
-1 -1
-1 -1
-1 7021
8395 -1
8513 -1
9603 -1
-1 -1
7188 -1
9493 -1
-1 -1
7663 8352
-1 -1
-1 -1
-1 -1
9803 -1
-1 -1
8498 -1
-1 8628
8527 -1
9771 7599
7246 -1
9073 -1
-1 -1
-1 8732
9615 -1
9333 -1
-1 -1
7090 6931
-1 7421
-1 -1
7832 -1
7035 -1
-1 7888
-1 -1
-1 -1
-1 -1
-1 -1
8572 -1
8488 -1
7023 -1
-1 8298
7456 9001
7985 6586
-1 7617
-1 -1
-1 7470
-1 -1
-1 -1
8027 -1
-1 -1
-1 -1
-1 -1
-1 -1
-1 -1
-1 7118
-1 -1
-1 7455
7735 7114
-1 6754
9806 -1
-1 -1
-1 7589
9060 -1
-1 -1
-1 6622
-1 -1
-1 -1
-1 6570
-1 -1
-1 -1
-1 -1
8220 -1
8768 -1
-1 7621
-1 8788
9499 -1
6804 -1
-1 7581
-1 -1
-1 8575
9723 -1
-1 -1
6823 -1
9501 -1
-1 -1
7257 9985
8030 -1
-1 -1
9125 -1
9726 -1
8666 7676
-1 -1
7762 7348
-1 -1
-1 7643
-1 -1
-1 -1
8747 -1
-1 -1
-1 9176
-1 -1
-1 7055
-1 -1
-1 -1
-1 6836
-1 9261
-1 6644
-1 -1
7383 -1
-1 -1
8979 -1
-1 8706
6936 -1
7715 6806
-1 -1
-1 -1
7746 6706
-1 7124
-1 -1
-1 8841
-1 -1
-1 9832
-1 -1
-1 -1
6755 -1
-1 -1
9904 -1
6710 -1
-1 6749
-1 6950
9011 -1
8277 7899
-1 -1
-1 -1
7496 -1
-1 9539
-1 -1
-1 -1
-1 8599
-1 9704
-1 -1
-1 -1
-1 -1
-1 -1
8342 -1
7074 7012
9830 -1
-1 6778
8544 8113
-1 7170
-1 -1
-1 8096
-1 7108
9762 -1
-1 9848
7797 -1
-1 -1
9487 -1
-1 -1
-1 -1
8709 7697
7864 -1
7867 -1
-1 -1
-1 8494
-1 -1
9433 -1
-1 6979
7352 6959
-1 -1
-1 -1
-1 -1
-1 9520
-1 6970
-1 -1
-1 -1
-1 -1
7173 -1
-1 -1
9683 -1
-1 7751
-1 -1
-1 -1
-1 -1
-1 9035
6791 9767
7155 6841
-1 7172
7675 8295
-1 -1
-1 7412
-1 -1
6799 8746
-1 -1
8618 9778
-1 -1
-1 8587
-1 -1
6687 7860
-1 -1
7771 -1
-1 -1
-1 -1
-1 -1
-1 -1
-1 -1
-1 -1
-1 -1
8279 -1
-1 9732
-1 -1
7819 8164
-1 -1
6862 8939
-1 7192
-1 -1
-1 -1
8644 7688
-1 8798
7225 7820
7008 -1
-1 -1
-1 9027
-1 -1
-1 -1
-1 -1
7162 -1
8322 -1
-1 -1
-1 -1
-1 7966
8138 -1
-1 -1
7217 6983
-1 9574
9766 6990
7873 7874
-1 -1
-1 -1
-1 -1
-1 -1
-1 -1
-1 -1
-1 -1
-1 7404
-1 -1
-1 7550
-1 -1
-1 7394
8370 7512
-1 -1
-1 -1
8154 -1
-1 -1
7053 -1
7140 8895
8715 -1
-1 -1
-1 -1
-1 8449
-1 8196
-1 6988
-1 -1
-1 -1
-1 -1
7314 -1
6913 -1
8617 -1
9066 -1
-1 -1
8495 -1
-1 -1
9530 9911
9495 8100
-1 -1
8410 7047
8388 9150
-1 -1
-1 -1
-1 -1
-1 -1
-1 7827
-1 -1
8166 -1
-1 6832
7734 -1
9505 7006
7541 7174
-1 -1
8228 -1
-1 7841
-1 -1
-1 -1
7483 -1
6834 -1
9772 -1
-1 -1
-1 -1
-1 8086
-1 -1
-1 -1
-1 -1
-1 -1
-1 -1
-1 -1
-1 -1
-1 -1
-1 8284
8314 -1
9819 -1
-1 -1
7253 8697
-1 6996
-1 -1
9289 7539
-1 8208
-1 -1
8114 8612
-1 -1
6815 -1
-1 -1
-1 9548
7624 -1
-1 -1
7922 8563
-1 -1
-1 -1
-1 -1
-1 -1
-1 -1
9235 9307
-1 9303
-1 -1
8378 7460
6925 8868
9903 -1
-1 -1
-1 -1
9379 -1
-1 -1
6920 -1
-1 9639
-1 7472
9646 -1
-1 -1
8818 -1
9552 -1
7803 -1
9812 -1
-1 -1
8763 -1
7634 8061
-1 -1
9381 -1
-1 -1
9652 -1
-1 -1
-1 -1
-1 -1
-1 9789
-1 -1
-1 8482
-1 9175
-1 -1
-1 -1
-1 -1
-1 8193
-1 8642
-1 -1
-1 -1
8311 -1
-1 9929
8766 -1
9231 -1
-1 7942
7884 -1
8444 -1
-1 -1
-1 -1
-1 -1
-1 -1
6957 -1
-1 -1
7919 8851
-1 8870
-1 -1
8389 -1
-1 -1
-1 -1
-1 -1
-1 -1
-1 7518
-1 9282
-1 7298
9018 8153
-1 7287
-1 8367
9745 -1
7052 7629
7457 -1
9072 9361
-1 -1
-1 -1
-1 -1
-1 7683
-1 -1
-1 -1
7442 -1
-1 -1
-1 7766
7647 -1
9695 -1
-1 8543
7433 -1
7346 -1
8024 -1
-1 -1
-1 -1
-1 9357
6923 -1
-1 8565
-1 9484
-1 -1
9416 7031
-1 8082
-1 7446
-1 8561
-1 9857
8744 -1
-1 7272
-1 -1
-1 7517
7459 8248
-1 8357
9532 -1
-1 -1
-1 -1
-1 -1
-1 8864
-1 -1
-1 -1
-1 -1
7076 -1
6944 -1
-1 -1
8919 9471
-1 9166
-1 9936
-1 -1
7877 -1
-1 7508
-1 -1
-1 -1
-1 -1
-1 9278
-1 -1
8330 7580
-1 9230
7150 -1
-1 -1
-1 9542
-1 8076
-1 -1
9687 8224
-1 -1
7438 -1
-1 7523
-1 -1
-1 -1
9372 -1
-1 -1
-1 -1
-1 -1
-1 -1
7783 -1
-1 -1
-1 -1
-1 -1
8757 -1
7204 -1
-1 7681
-1 -1
7767 -1
8500 9648
7650 8384
-1 8673
8481 -1
9080 9389
-1 -1
-1 -1
-1 -1
8560 -1
-1 -1
-1 -1
8232 8474
7335 -1
-1 -1
-1 8996
-1 -1
-1 -1
-1 7308
9554 9663
-1 9074
7934 7449
9785 -1
-1 -1
-1 -1
-1 -1
-1 -1
8793 9667
-1 -1
-1 7522
-1 -1
-1 -1
9297 -1
-1 -1
-1 -1
-1 -1
-1 -1
-1 -1
-1 -1
-1 -1
-1 9879
-1 -1
-1 7491
-1 7886
-1 7207
-1 -1
7850 -1
-1 7925
-1 -1
-1 -1
7730 -1
-1 8801
7133 -1
-1 -1
-1 -1
8839 9488
-1 7451
-1 -1
-1 -1
9450 -1
8014 -1
-1 7611
-1 -1
8360 -1
-1 -1
-1 -1
-1 8503
-1 8708
-1 -1
-1 -1
-1 -1
7126 -1
-1 9504
9271 -1
9586 7529
-1 -1
-1 7202
8657 9287
-1 -1
-1 -1
-1 -1
-1 -1
9953 8034
9095 -1
-1 -1
-1 -1
-1 7435
-1 -1
8902 -1
-1 -1
8727 9344
7497 -1
-1 -1
-1 -1
-1 -1
-1 -1
-1 8340
-1 -1
7113 7301
-1 -1
-1 -1
-1 -1
-1 -1
-1 -1
-1 -1
-1 -1
-1 -1
-1 -1
-1 7342
-1 -1
-1 8584
-1 9751
9494 7839
-1 -1
8664 -1
-1 7533
-1 9709
-1 -1
-1 -1
8950 -1
-1 -1
-1 -1
-1 -1
8616 -1
-1 -1
-1 -1
-1 -1
-1 -1
9776 -1
-1 9242
-1 -1
-1 -1
-1 7918
-1 -1
8937 7185
8369 -1
7250 -1
-1 -1
-1 9039
-1 -1
8889 7403
-1 -1
-1 8098
-1 -1
-1 -1
-1 -1
8117 -1
-1 -1
-1 -1
9791 -1
-1 -1
9949 9192
-1 7520
-1 -1
8105 7519
-1 -1
-1 -1
-1 -1
8003 -1
7612 9545
-1 -1
-1 8244
7796 -1
8045 -1
-1 -1
8645 -1
8694 7490
-1 -1
-1 9770
8699 -1
-1 -1
-1 -1
-1 7489
-1 -1
-1 -1
-1 7631
-1 -1
-1 -1
-1 7282
9103 9585
-1 8665
-1 -1
-1 -1
-1 -1
-1 -1
-1 8275
7363 -1
-1 -1
9126 -1
8615 8679
-1 -1
-1 -1
-1 -1
-1 -1
8499 -1
-1 -1
-1 -1
-1 -1
-1 -1
9214 -1
-1 8353
-1 -1
8206 -1
-1 -1
-1 9041
-1 -1
-1 -1
-1 7484
-1 7648
-1 -1
8050 -1
-1 -1
-1 7989
7461 -1
-1 -1
-1 8184
-1 8639
-1 -1
8492 -1
-1 -1
-1 -1
7473 -1
-1 -1
-1 -1
-1 7736
-1 -1
-1 -1
-1 -1
8800 -1
-1 9964
-1 -1
-1 9240
9510 -1
-1 -1
-1 9394
-1 7995
8177 7510
-1 7384
8272 9630
8780 -1
-1 -1
-1 -1
-1 8624
-1 -1
-1 -1
-1 8547
-1 -1
-1 -1
-1 -1
-1 -1
-1 -1
9769 -1
-1 9262
9222 -1
-1 -1
-1 -1
-1 -1
-1 -1
-1 8294
-1 -1
-1 9171
-1 -1
9718 8589
-1 7992
-1 -1
-1 9599
7824 -1
-1 -1
-1 7642
7443 -1
-1 -1
-1 -1
-1 -1
-1 9777
-1 -1
-1 7480
-1 8000
-1 8297
-1 -1
-1 -1
-1 -1
-1 -1
9560 7392
9295 9233
-1 -1
-1 -1
7609 9184
-1 -1
-1 -1
-1 -1
-1 -1
-1 -1
-1 9796
-1 -1
-1 7452
-1 -1
-1 8742
-1 -1
-1 -1
7594 -1
-1 -1
-1 -1
-1 -1
-1 9951
7600 -1
-1 -1
-1 7555
-1 -1
-1 -1
-1 8731
-1 -1
7640 7789
-1 -1
-1 -1
-1 9374
-1 -1
-1 -1
-1 -1
9057 -1
8421 9114
-1 -1
-1 -1
-1 9257
-1 -1
-1 -1
-1 -1
-1 7652
-1 7422
8827 -1
-1 -1
-1 -1
-1 -1
-1 -1
-1 -1
8283 -1
8987 -1
8080 -1
-1 -1
-1 -1
-1 7774
-1 -1
7434 -1
-1 9399
-1 8531
8714 -1
-1 -1
-1 -1
7809 -1
-1 -1
-1 -1
-1 -1
-1 -1
7689 7981
-1 -1
-1 -1
-1 -1
-1 -1
-1 -1
-1 -1
-1 -1
9674 -1
9689 -1
-1 -1
-1 8198
-1 -1
9563 7847
-1 -1
8873 -1
-1 -1
-1 -1
-1 -1
8921 -1
-1 -1
-1 8316
9784 7369
-1 -1
-1 8215
8576 7464
8049 -1
-1 -1
-1 -1
-1 -1
-1 -1
-1 -1
-1 -1
8023 8525
-1 7680
-1 7657
7993 7880
9837 -1
-1 -1
9395 -1
-1 -1
8016 -1
-1 -1
-1 -1
-1 7952
-1 -1
-1 -1
-1 8485
-1 -1
-1 -1
-1 -1
-1 -1
-1 9984
-1 7667
-1 -1
7526 -1
-1 7639
-1 7387
-1 -1
-1 -1
-1 -1
8512 -1
-1 -1
-1 -1
-1 -1
8088 -1
-1 -1
9595 -1
-1 9947
-1 -1
-1 -1
-1 -1
8716 -1
8471 -1
8148 -1
-1 8909
-1 -1
-1 8257
-1 -1
9575 9420
-1 -1
-1 -1
-1 -1
-1 -1
-1 7744
-1 -1
7902 -1
-1 -1
7828 8478
-1 -1
9658 8504
-1 -1
-1 -1
-1 -1
9383 -1
9566 -1
-1 -1
-1 -1
-1 -1
9738 -1
-1 -1
-1 -1
-1 -1
9369 9346
9581 -1
9070 -1
-1 -1
-1 -1
-1 -1
8529 -1
-1 -1
-1 -1
-1 -1
-1 -1
-1 -1
-1 -1
-1 -1
-1 -1
7749 -1
-1 -1
-1 -1
-1 -1
-1 -1
-1 7950
-1 7525
-1 -1
-1 -1
-1 -1
-1 -1
9877 -1
9079 -1
-1 8337
-1 -1
-1 9215
-1 -1
-1 -1
-1 -1
-1 9183
8621 -1
8179 -1
9821 -1
-1 -1
-1 9181
-1 -1
-1 -1
-1 -1
-1 -1
-1 -1
-1 7970
-1 -1
9456 -1
-1 9000
-1 -1
-1 8183
-1 -1
-1 9353
-1 -1
-1 8010
7900 -1
8633 -1
9729 -1
-1 -1
-1 9999
-1 -1
9485 -1
-1 -1
-1 -1
-1 -1
-1 -1
-1 -1
-1 -1
9720 -1
9096 -1
8652 8447
-1 7694
-1 -1
8111 8859
9944 7559
9714 8266
-1 -1
-1 -1
-1 9160
8690 -1
-1 -1
-1 -1
-1 -1
-1 7515
-1 -1
8760 -1
-1 -1
9896 -1
8281 -1
-1 -1
-1 -1
-1 -1
-1 -1
-1 7577
9868 -1
-1 -1
-1 -1
9321 -1
8331 -1
9434 7817
-1 8534
-1 -1
-1 -1
-1 -1
-1 -1
-1 8270
-1 -1
-1 -1
8189 9876
9299 -1
8622 -1
9571 -1
8821 9249
-1 -1
-1 -1
-1 7615
-1 7742
9087 7787
-1 -1
-1 -1
9844 -1
-1 -1
8236 -1
-1 7769
-1 -1
-1 -1
-1 9406
-1 9084
-1 -1
8176 -1
-1 8132
-1 -1
-1 8832
-1 -1
9645 -1
-1 8736
-1 8470
-1 -1
8773 -1
-1 -1
-1 -1
-1 -1
8973 -1
8892 -1
8997 -1
-1 -1
-1 -1
-1 -1
-1 -1
-1 9112
-1 -1
-1 -1
-1 -1
-1 7835
-1 9561
-1 9154
9342 -1
-1 -1
-1 -1
-1 -1
9168 9155
-1 -1
7792 -1
-1 8677
-1 -1
8276 -1
-1 9243
8436 -1
-1 -1
-1 -1
-1 -1
-1 9298
8137 -1
-1 -1
8819 -1
-1 8031
-1 -1
-1 7740
8437 -1
-1 -1
8091 8453
-1 -1
-1 -1
8029 9937
9015 -1
-1 -1
-1 8306
-1 7876
8605 -1
-1 -1
9352 9945
-1 -1
-1 9120
-1 -1
-1 -1
-1 -1
-1 -1
-1 7691
8242 9686
8611 -1
-1 -1
8578 -1
-1 -1
-1 -1
-1 -1
-1 8948
-1 -1
9650 -1
-1 -1
-1 -1
-1 8460
-1 -1
7945 -1
-1 -1
-1 -1
-1 -1
-1 -1
-1 -1
-1 -1
-1 -1
-1 -1
-1 8783
-1 -1
-1 -1
-1 -1
8960 -1
7879 -1
8566 -1
-1 -1
8929 -1
-1 8999
-1 8383
-1 9273
-1 -1
-1 -1
-1 -1
-1 -1
-1 -1
-1 -1
-1 -1
9941 -1
-1 -1
-1 -1
-1 9943
-1 -1
-1 7979
-1 -1
8564 8557
-1 8600
-1 -1
-1 7754
-1 -1
-1 9478
7829 -1
-1 -1
-1 9633
9362 -1
-1 -1
9128 9988
-1 -1
-1 -1
-1 -1
-1 -1
-1 -1
8964 -1
7818 9891
8705 -1
7750 -1
-1 -1
-1 -1
9163 -1
-1 -1
8881 -1
-1 8781
9117 -1
-1 -1
8094 -1
-1 -1
9551 -1
-1 9624
8120 9677
-1 9925
8720 -1
-1 8958
-1 -1
-1 9728
-1 -1
-1 -1
-1 -1
-1 -1
8413 9402
-1 -1
-1 -1
9158 -1
-1 -1
-1 9664
-1 -1
-1 -1
-1 -1
-1 -1
-1 -1
-1 -1
9276 -1
-1 -1
-1 -1
-1 -1
-1 -1
-1 -1
-1 7855
-1 -1
-1 -1
-1 -1
-1 -1
-1 -1
-1 -1
9365 -1
-1 8956
-1 -1
-1 -1
-1 -1
-1 -1
7881 9244
-1 9336
-1 -1
-1 -1
7926 -1
-1 -1
-1 7961
7931 -1
-1 -1
-1 -1
-1 -1
-1 -1
-1 7857
8662 -1
-1 -1
-1 8335
-1 -1
-1 8963
8222 -1
8772 -1
-1 9583
-1 -1
8156 8891
-1 -1
-1 -1
-1 8287
-1 -1
-1 -1
-1 -1
8594 -1
-1 -1
-1 -1
9099 -1
8906 -1
-1 9322
-1 -1
-1 9556
-1 -1
-1 -1
-1 -1
-1 -1
7868 -1
-1 8668
9227 8476
-1 -1
-1 -1
-1 -1
-1 -1
8860 -1
9421 -1
8898 -1
-1 -1
-1 -1
-1 -1
-1 -1
-1 8072
-1 -1
8737 -1
-1 -1
-1 -1
-1 9892
-1 9293
-1 -1
-1 -1
7914 -1
-1 -1
-1 -1
-1 -1
-1 -1
-1 -1
-1 -1
-1 9638
9629 -1
-1 -1
9064 9932
-1 -1
-1 -1
-1 -1
-1 -1
-1 -1
-1 -1
9081 -1
-1 -1
-1 -1
-1 -1
-1 -1
-1 -1
-1 9316
7967 -1
-1 -1
8730 -1
8619 -1
-1 -1
9142 9513
-1 -1
8663 9800
-1 -1
-1 -1
-1 -1
8491 -1
-1 -1
-1 -1
-1 -1
-1 -1
-1 9385
-1 -1
7954 -1
8033 -1
-1 8158
8407 -1
-1 -1
-1 -1
8613 -1
-1 -1
-1 -1
8043 -1
-1 -1
-1 -1
8967 -1
-1 8955
-1 -1
-1 -1
-1 -1
8473 8348
-1 8456
-1 8776
-1 -1
9590 -1
9573 -1
-1 9387
-1 -1
9266 -1
-1 -1
-1 -1
8598 -1
-1 -1
-1 -1
7978 -1
8764 -1
8954 -1
-1 -1
-1 8246
8095 -1
-1 -1
9258 -1
-1 -1
-1 -1
-1 -1
-1 -1
9613 -1
-1 -1
-1 8142
9151 -1
-1 -1
-1 -1
-1 -1
-1 -1
-1 9350
-1 8592
-1 -1
-1 8646
-1 -1
-1 8585
-1 -1
-1 -1
-1 -1
-1 9592
-1 -1
-1 -1
8416 -1
-1 -1
-1 -1
9148 -1
-1 -1
8962 -1
-1 -1
-1 -1
9888 -1
8446 -1
8327 -1
-1 -1
-1 -1
8290 -1
-1 8626
9759 -1
-1 -1
-1 -1
-1 -1
-1 -1
8134 -1
-1 8861
-1 -1
-1 -1
-1 9780
-1 -1
-1 -1
-1 -1
8002 -1
8296 -1
9470 -1
-1 -1
9794 -1
-1 -1
-1 -1
-1 9219
-1 8811
-1 -1
9068 -1
-1 -1
-1 8062
-1 -1
-1 -1
-1 -1
-1 -1
-1 9310
-1 -1
-1 -1
-1 -1
-1 -1
-1 -1
7974 -1
-1 -1
-1 -1
8182 -1
9124 8441
-1 -1
-1 8055
-1 8254
8140 8519
8813 -1
-1 8309
-1 -1
-1 -1
-1 -1
-1 -1
9237 -1
-1 -1
-1 -1
-1 -1
-1 -1
-1 -1
8912 -1
9580 9229
-1 -1
-1 -1
-1 8887
-1 8393
8188 -1
-1 -1
-1 -1
-1 -1
-1 -1
-1 -1
-1 -1
8131 -1
-1 -1
-1 -1
8028 -1
-1 -1
-1 -1
-1 -1
-1 -1
-1 -1
8508 -1
-1 -1
-1 -1
-1 -1
-1 -1
-1 -1
-1 -1
-1 -1
9858 -1
-1 -1
-1 -1
-1 -1
9223 -1
-1 -1
8054 -1
-1 -1
-1 -1
8670 9496
-1 -1
-1 -1
-1 -1
8328 8439
-1 -1
-1 -1
-1 -1
8915 -1
-1 -1
9329 8405
-1 9544
-1 -1
-1 -1
-1 -1
-1 -1
-1 -1
-1 -1
8782 -1
-1 -1
-1 9217
-1 -1
-1 -1
9161 -1
-1 9489
-1 -1
9902 -1
-1 -1
-1 9153
-1 -1
-1 -1
-1 9146
-1 -1
-1 -1
-1 -1
8648 9044
-1 -1
-1 -1
-1 -1
-1 -1
-1 -1
-1 -1
-1 8521
-1 -1
8334 -1
-1 -1
9190 -1
-1 -1
-1 -1
-1 -1
-1 -1
-1 -1
-1 -1
9813 -1
-1 -1
-1 9270
-1 -1
8552 -1
9328 9367
8376 -1
-1 -1
-1 -1
-1 -1
-1 -1
-1 -1
9123 -1
-1 9682
-1 -1
9506 -1
-1 -1
-1 9627
-1 -1
8231 -1
-1 -1
-1 -1
-1 -1
9428 8160
9483 -1
-1 -1
-1 -1
-1 -1
-1 -1
9006 -1
-1 -1
-1 -1
-1 -1
-1 -1
-1 -1
-1 -1
-1 -1
9725 -1
-1 -1
-1 -1
-1 -1
-1 -1
-1 -1
-1 -1
-1 -1
-1 8601
-1 -1
-1 -1
-1 -1
9468 8398
-1 -1
-1 -1
-1 -1
-1 -1
-1 8568
-1 -1
-1 -1
8845 9234
-1 -1
-1 8991
-1 -1
-1 9982
-1 -1
-1 8438
-1 -1
-1 -1
-1 -1
-1 -1
-1 -1
-1 -1
-1 -1
-1 -1
8593 -1
-1 -1
-1 -1
-1 -1
-1 -1
8385 -1
-1 9405
-1 8418
-1 -1
-1 -1
-1 -1
9250 -1
-1 9824
-1 -1
-1 9029
-1 -1
-1 -1
-1 -1
-1 -1
-1 -1
8445 -1
-1 9692
-1 -1
-1 -1
9135 8916
-1 -1
8262 -1
-1 -1
-1 -1
8426 8199
-1 9675
-1 -1
-1 8358
-1 -1
-1 -1
-1 -1
-1 8511
-1 -1
-1 -1
-1 -1
-1 -1
-1 9536
-1 -1
8260 -1
-1 -1
-1 -1
-1 -1
-1 -1
-1 -1
9474 8304
-1 -1
-1 8754
-1 8530
-1 -1
-1 -1
-1 -1
-1 8443
-1 8368
-1 -1
8554 -1
-1 -1
-1 -1
-1 -1
-1 -1
-1 9649
-1 -1
-1 -1
-1 -1
-1 -1
9480 -1
-1 -1
-1 9193
-1 -1
-1 -1
-1 -1
-1 -1
-1 -1
9940 -1
-1 -1
-1 -1
-1 -1
-1 -1
9110 -1
-1 -1
-1 -1
-1 -1
-1 8480
-1 -1
-1 -1
8824 -1
-1 9306
-1 -1
-1 -1
-1 -1
-1 -1
-1 -1
8282 -1
-1 -1
8729 -1
-1 -1
-1 9974
-1 -1
-1 -1
-1 -1
-1 -1
-1 -1
-1 -1
8315 -1
-1 -1
-1 -1
-1 -1
-1 -1
8879 -1
-1 9335
-1 8850
-1 -1
9136 -1
-1 -1
-1 -1
-1 -1
8502 -1
-1 -1
8932 8900
-1 -1
-1 -1
-1 -1
-1 -1
8696 -1
8469 8591
-1 -1
-1 -1
-1 -1
-1 -1
-1 -1
-1 -1
-1 -1
-1 -1
-1 -1
-1 9933
-1 9038
-1 -1
8301 -1
-1 -1
-1 8392
8401 -1
-1 8526
-1 -1
-1 -1
-1 -1
9533 9866
-1 -1
-1 -1
-1 -1
-1 -1
-1 -1
9111 -1
-1 -1
-1 9412
8359 9453
9375 -1
-1 -1
-1 -1
8774 -1
-1 -1
-1 -1
-1 -1
-1 8771
-1 -1
-1 -1
-1 -1
-1 -1
-1 -1
-1 -1
-1 9952
-1 -1
-1 -1
9610 9989
9747 -1
-1 -1
-1 -1
-1 -1
8486 -1
-1 -1
8998 -1
-1 -1
-1 -1
-1 -1
-1 -1
-1 9637
-1 9681
-1 -1
-1 -1
-1 -1
-1 9793
-1 -1
-1 -1
-1 -1
-1 -1
-1 -1
-1 -1
-1 -1
-1 -1
-1 -1
-1 -1
-1 -1
-1 -1
-1 -1
-1 -1
-1 -1
-1 -1
-1 -1
-1 -1
-1 -1
-1 -1
-1 -1
-1 -1
-1 -1
-1 -1
-1 9482
-1 -1
-1 9990
-1 -1
8417 -1
9174 9763
-1 -1
-1 -1
-1 -1
8569 -1
-1 -1
-1 -1
-1 -1
-1 -1
-1 9621
-1 9449
-1 -1
-1 -1
-1 -1
-1 -1
8951 -1
-1 -1
9722 -1
-1 9054
-1 -1
-1 -1
-1 -1
-1 -1
8462 -1
-1 -1
-1 -1
-1 -1
-1 -1
-1 -1
-1 8667
-1 -1
9543 -1
-1 9669
-1 -1
-1 -1
-1 -1
-1 -1
-1 9442
-1 -1
-1 -1
8510 -1
-1 -1
-1 -1
9013 9152
9085 -1
-1 -1
-1 -1
-1 -1
-1 -1
-1 8826
-1 -1
-1 -1
-1 -1
9371 -1
-1 -1
-1 -1
-1 -1
-1 -1
-1 -1
-1 -1
-1 -1
-1 -1
-1 -1
-1 -1
-1 -1
-1 -1
-1 -1
9773 -1
-1 8968
9481 -1
-1 -1
9679 -1
-1 -1
-1 -1
-1 -1
-1 -1
-1 -1
-1 9407
-1 -1
-1 9477
-1 -1
-1 -1
-1 8785
-1 9089
-1 -1
8840 -1
-1 -1
-1 -1
-1 8643
-1 -1
-1 -1
-1 -1
-1 -1
-1 -1
-1 9712
-1 9429
-1 -1
-1 -1
8683 -1
-1 -1
9754 -1
-1 -1
8842 -1
-1 -1
-1 -1
-1 -1
-1 -1
8751 -1
-1 -1
-1 -1
-1 -1
-1 -1
-1 -1
-1 -1
-1 -1
-1 -1
-1 -1
-1 8658
8946 -1
-1 -1
-1 -1
-1 -1
9912 -1
9308 9326
-1 -1
-1 -1
-1 -1
-1 -1
-1 -1
-1 -1
-1 -1
-1 -1
8863 -1
-1 -1
-1 9540
-1 -1
-1 -1
-1 -1
-1 -1
-1 -1
-1 -1
-1 -1
-1 -1
-1 -1
-1 -1
-1 -1
-1 -1
-1 -1
-1 -1
-1 -1
-1 9986
9525 -1
-1 -1
-1 -1
-1 -1
9034 -1
-1 -1
-1 -1
-1 -1
-1 -1
-1 -1
8674 -1
-1 9440
-1 -1
-1 -1
-1 -1
-1 -1
-1 -1
9716 -1
-1 -1
-1 -1
-1 -1
-1 -1
-1 -1
-1 9980
-1 -1
-1 9702
-1 -1
-1 -1
-1 -1
-1 -1
-1 -1
8719 -1
-1 -1
8799 9967
-1 -1
-1 -1
-1 -1
-1 -1
-1 -1
-1 -1
-1 9358
-1 -1
-1 -1
-1 -1
-1 -1
-1 -1
-1 -1
-1 -1
-1 -1
-1 -1
-1 -1
-1 -1
9213 -1
-1 -1
-1 -1
-1 -1
9343 -1
-1 9865
-1 -1
-1 -1
-1 -1
-1 -1
-1 -1
-1 -1
-1 -1
-1 -1
8794 -1
-1 -1
8831 -1
-1 -1
-1 -1
-1 -1
-1 -1
-1 -1
-1 -1
-1 -1
-1 -1
-1 -1
-1 -1
-1 -1
-1 -1
8872 9404
-1 -1
-1 -1
-1 -1
-1 -1
9660 -1
-1 -1
-1 -1
-1 -1
-1 9288
-1 -1
-1 -1
-1 -1
-1 -1
-1 9327
-1 -1
-1 -1
-1 -1
-1 -1
-1 -1
-1 -1
-1 -1
-1 -1
-1 9853
-1 -1
-1 -1
-1 9425
-1 -1
-1 -1
-1 -1
9609 -1
-1 -1
-1 -1
-1 -1
8777 -1
-1 -1
-1 9764
-1 -1
9509 8995
-1 -1
-1 -1
-1 -1
-1 -1
9685 -1
-1 -1
-1 -1
-1 -1
-1 -1
-1 -1
-1 8722
-1 -1
8823 -1
-1 -1
-1 9393
-1 -1
-1 -1
-1 -1
9188 -1
9021 -1
-1 -1
-1 -1
-1 -1
-1 -1
-1 -1
-1 -1
-1 -1
-1 -1
-1 -1
-1 -1
-1 -1
-1 -1
-1 -1
-1 -1
-1 -1
-1 -1
-1 -1
-1 -1
-1 -1
-1 -1
-1 -1
-1 9727
-1 -1
-1 -1
9022 9708
-1 9558
-1 9046
-1 -1
-1 -1
-1 -1
-1 -1
-1 -1
-1 8765
-1 -1
-1 -1
9410 -1
-1 -1
-1 -1
-1 -1
-1 -1
-1 -1
-1 -1
9514 -1
-1 9065
8711 -1
-1 -1
-1 -1
-1 -1
9164 8928
-1 -1
-1 -1
9441 -1
-1 -1
-1 -1
-1 -1
-1 -1
-1 -1
-1 -1
-1 -1
-1 -1
-1 -1
-1 9319
-1 9238
-1 -1
-1 -1
9822 -1
-1 -1
-1 9340
-1 -1
-1 -1
-1 -1
-1 -1
-1 9828
9750 -1
-1 9790
9565 -1
-1 -1
-1 9140
-1 -1
9966 -1
-1 -1
-1 -1
-1 9411
-1 -1
9632 -1
-1 -1
-1 -1
-1 -1
-1 -1
-1 -1
-1 -1
-1 -1
-1 9296
-1 -1
-1 -1
-1 9622
-1 -1
-1 9526
8837 -1
-1 -1
-1 -1
-1 -1
-1 -1
-1 -1
-1 -1
-1 -1
-1 -1
-1 -1
-1 -1
-1 -1
9928 -1
-1 -1
-1 -1
-1 -1
-1 -1
-1 -1
-1 9141
9392 -1
9144 -1
-1 9567
-1 -1
-1 -1
-1 -1
-1 9417
-1 -1
9078 -1
-1 8976
-1 -1
-1 -1
9037 -1
-1 -1
-1 -1
-1 -1
-1 -1
-1 -1
-1 -1
-1 -1
-1 -1
-1 -1
-1 -1
-1 -1
-1 -1
-1 -1
-1 -1
9698 -1
-1 -1
9836 -1
9724 -1
-1 -1
-1 -1
-1 -1
-1 -1
-1 -1
-1 9872
9360 -1
-1 -1
-1 -1
-1 -1
-1 -1
9593 -1
-1 -1
-1 -1
-1 -1
-1 -1
-1 8855
9202 -1
9460 -1
9301 -1
-1 9889
-1 -1
-1 -1
9194 -1
-1 -1
-1 -1
-1 -1
-1 -1
-1 -1
-1 -1
-1 -1
-1 -1
9635 -1
-1 -1
-1 -1
-1 -1
-1 -1
-1 -1
-1 -1
-1 -1
-1 9023
-1 -1
-1 -1
-1 -1
-1 -1
9368 -1
-1 -1
-1 -1
-1 -1
-1 -1
-1 -1
-1 -1
-1 -1
-1 -1
-1 -1
-1 -1
-1 -1
-1 -1
-1 -1
-1 -1
-1 9917
-1 9977
-1 -1
-1 -1
-1 -1
-1 -1
-1 -1
-1 8965
-1 -1
9820 -1
-1 -1
-1 -1
-1 -1
-1 -1
-1 9515
-1 -1
-1 -1
-1 -1
-1 -1
-1 -1
-1 -1
9491 -1
-1 -1
-1 -1
-1 -1
-1 -1
-1 -1
-1 -1
-1 -1
-1 -1
9642 -1
-1 -1
-1 -1
-1 -1
-1 -1
-1 9749
-1 -1
-1 -1
-1 9913
-1 -1
-1 -1
-1 -1
-1 -1
-1 -1
-1 -1
-1 -1
-1 -1
-1 -1
-1 -1
-1 -1
-1 -1
-1 -1
8969 -1
-1 -1
-1 -1
-1 9082
-1 -1
9867 -1
-1 -1
-1 -1
-1 -1
-1 -1
-1 -1
-1 -1
-1 -1
-1 -1
-1 -1
9922 -1
-1 -1
-1 -1
9431 -1
-1 -1
-1 -1
-1 -1
-1 -1
-1 -1
-1 -1
-1 -1
-1 -1
9885 -1
-1 -1
9427 -1
-1 -1
9598 -1
-1 -1
-1 -1
-1 -1
-1 -1
-1 -1
-1 -1
-1 -1
-1 -1
9661 -1
-1 9063
9916 -1
-1 -1
9106 -1
-1 -1
9927 -1
-1 -1
9279 9604
9045 -1
-1 9616
-1 -1
-1 -1
-1 -1
-1 -1
-1 -1
-1 -1
-1 -1
-1 9290
-1 9831
-1 -1
-1 -1
-1 -1
9797 -1
-1 -1
-1 -1
-1 -1
-1 -1
-1 -1
-1 -1
-1 -1
-1 -1
-1 -1
9097 -1
-1 -1
-1 -1
-1 -1
-1 -1
9165 -1
-1 -1
-1 -1
-1 -1
-1 -1
-1 -1
9225 9537
-1 -1
-1 -1
-1 9122
-1 -1
-1 -1
-1 9909
-1 9746
9377 9432
-1 -1
-1 -1
-1 -1
-1 9479
-1 -1
-1 -1
-1 -1
-1 -1
-1 -1
-1 -1
-1 9145
9955 -1
-1 -1
-1 -1
-1 -1
-1 -1
-1 -1
-1 9315
-1 -1
-1 -1
-1 -1
-1 -1
-1 -1
9740 -1
-1 -1
-1 9464
-1 -1
9272 -1
-1 9071
-1 -1
9696 -1
-1 -1
-1 9197
-1 -1
-1 -1
-1 9914
-1 -1
-1 -1
-1 -1
-1 -1
-1 -1
-1 -1
-1 -1
-1 -1
-1 -1
-1 -1
9981 -1
-1 -1
-1 -1
-1 -1
-1 -1
-1 9459
-1 -1
-1 -1
-1 -1
-1 9893
-1 -1
-1 -1
-1 -1
-1 -1
-1 -1
-1 -1
-1 -1
9430 -1
-1 -1
-1 -1
-1 -1
-1 -1
-1 -1
-1 9294
-1 -1
-1 -1
-1 9786
-1 -1
-1 -1
-1 -1
-1 -1
-1 -1
-1 -1
-1 -1
-1 -1
-1 -1
-1 -1
-1 -1
9423 -1
-1 -1
-1 -1
-1 -1
-1 -1
-1 -1
-1 -1
-1 -1
-1 -1
-1 -1
-1 -1
-1 -1
-1 -1
-1 -1
-1 -1
-1 -1
-1 -1
-1 -1
-1 -1
-1 -1
-1 -1
-1 9579
-1 -1
-1 -1
-1 -1
9817 -1
-1 -1
-1 -1
-1 -1
-1 -1
-1 -1
-1 -1
-1 -1
-1 -1
-1 -1
-1 -1
-1 -1
9713 -1
-1 -1
-1 9462
-1 -1
-1 9549
-1 -1
-1 -1
-1 -1
9461 -1
9364 -1
-1 -1
-1 -1
-1 -1
9611 -1
-1 -1
-1 9451
-1 -1
-1 -1
-1 -1
-1 -1
-1 -1
-1 -1
-1 -1
-1 -1
-1 -1
-1 -1
-1 -1
9801 -1
-1 -1
-1 9396
-1 -1
-1 9748
-1 -1
-1 -1
-1 -1
9339 -1
-1 -1
-1 -1
-1 -1
-1 -1
-1 -1
-1 -1
-1 -1
-1 -1
-1 -1
-1 -1
-1 -1
-1 -1
-1 -1
-1 -1
-1 -1
-1 -1
-1 9419
-1 -1
-1 -1
-1 -1
-1 -1
-1 -1
-1 -1
-1 -1
9323 -1
-1 -1
-1 -1
-1 -1
-1 -1
-1 -1
-1 -1
-1 -1
-1 -1
-1 -1
-1 -1
-1 -1
-1 -1
-1 -1
-1 -1
-1 -1
-1 -1
-1 9524
-1 -1
-1 -1
-1 -1
-1 -1
-1 -1
-1 -1
-1 -1
-1 -1
-1 -1
-1 -1
-1 -1
-1 -1
-1 -1
-1 -1
-1 -1
-1 -1
-1 -1
-1 -1
-1 -1
-1 -1
-1 -1
-1 -1
9256 -1
9926 -1
-1 9761
-1 -1
-1 -1
-1 -1
-1 -1
-1 -1
-1 -1
-1 -1
-1 -1
-1 -1
-1 -1
-1 -1
-1 -1
-1 -1
-1 -1
9338 -1
-1 -1
9473 -1
9284 -1
-1 -1
-1 -1
-1 -1
-1 -1
-1 9444
-1 9600
-1 -1
-1 -1
-1 -1
-1 -1
-1 -1
-1 -1
-1 -1
-1 -1
-1 -1
-1 -1
-1 -1
-1 9349
-1 -1
-1 -1
9466 -1
-1 -1
-1 -1
-1 -1
-1 -1
-1 -1
-1 -1
-1 -1
-1 -1
-1 9606
9380 -1
-1 -1
-1 -1
-1 -1
9657 -1
-1 -1
-1 -1
-1 -1
-1 9534
9437 -1
9983 -1
-1 -1
-1 -1
-1 -1
-1 -1
-1 -1
-1 -1
-1 -1
-1 -1
-1 -1
-1 -1
-1 -1
-1 -1
-1 -1
-1 -1
-1 -1
-1 -1
-1 -1
-1 -1
9438 -1
9623 -1
-1 -1
-1 -1
-1 -1
-1 -1
-1 -1
-1 -1
-1 -1
-1 -1
-1 -1
-1 -1
-1 -1
-1 -1
-1 -1
-1 -1
-1 -1
-1 -1
-1 -1
-1 -1
-1 -1
-1 -1
9898 -1
-1 -1
-1 -1
-1 -1
-1 -1
9874 -1
-1 -1
-1 -1
-1 -1
-1 -1
-1 -1
-1 -1
-1 -1
-1 -1
-1 -1
-1 -1
-1 -1
-1 -1
-1 -1
-1 -1
-1 -1
-1 -1
-1 9475
-1 9662
-1 -1
9465 -1
-1 -1
-1 -1
-1 -1
-1 -1
-1 -1
-1 -1
9570 -1
-1 -1
-1 -1
-1 -1
-1 -1
9884 -1
-1 -1
-1 -1
-1 -1
-1 -1
-1 -1
-1 -1
-1 -1
9576 -1
-1 -1
-1 -1
-1 -1
-1 -1
-1 -1
-1 -1
-1 -1
-1 -1
-1 -1
-1 -1
-1 -1
-1 -1
-1 -1
-1 -1
-1 9512
-1 -1
-1 -1
-1 -1
-1 -1
-1 -1
-1 -1
-1 -1
-1 -1
-1 -1
-1 -1
-1 9414
-1 -1
-1 9802
-1 -1
-1 -1
-1 -1
-1 -1
-1 -1
-1 -1
-1 -1
-1 -1
-1 -1
9617 -1
-1 -1
-1 -1
-1 -1
-1 -1
-1 -1
9890 -1
-1 -1
-1 -1
-1 -1
-1 -1
9711 -1
-1 -1
-1 -1
-1 -1
9807 -1
-1 -1
-1 -1
-1 -1
-1 -1
-1 -1
-1 -1
-1 -1
9731 -1
-1 -1
-1 -1
-1 -1
-1 -1
-1 -1
-1 -1
-1 -1
-1 -1
-1 -1
-1 -1
-1 -1
-1 -1
-1 -1
-1 -1
-1 -1
-1 -1
-1 -1
-1 -1
-1 -1
9760 -1
-1 -1
-1 -1
-1 -1
-1 -1
-1 -1
-1 -1
-1 -1
-1 -1
-1 -1
9948 -1
-1 -1
-1 -1
-1 -1
-1 -1
-1 -1
-1 -1
-1 -1
-1 -1
-1 -1
-1 -1
-1 -1
-1 -1
-1 -1
-1 -1
-1 -1
-1 -1
-1 -1
-1 -1
-1 9555
-1 -1
-1 -1
-1 -1
-1 -1
-1 -1
-1 -1
-1 -1
-1 -1
-1 9816
-1 -1
-1 -1
-1 -1
-1 -1
-1 -1
-1 -1
-1 -1
-1 -1
-1 -1
-1 -1
-1 -1
-1 -1
-1 -1
-1 -1
-1 -1
-1 -1
-1 -1
-1 -1
-1 9833
-1 -1
-1 -1
-1 -1
-1 -1
-1 -1
-1 -1
-1 -1
-1 -1
-1 -1
-1 -1
-1 -1
-1 -1
-1 -1
-1 -1
-1 -1
-1 -1
9672 -1
-1 -1
-1 -1
-1 -1
-1 -1
-1 -1
-1 -1
-1 -1
-1 -1
-1 -1
-1 -1
-1 -1
-1 -1
-1 -1
-1 -1
-1 -1
-1 -1
-1 -1
-1 -1
-1 -1
-1 -1
-1 -1
-1 -1
9908 -1
-1 9954
-1 -1
-1 -1
-1 -1
-1 -1
-1 -1
-1 -1
-1 -1
-1 -1
9843 -1
-1 -1
-1 -1
-1 -1
-1 -1
-1 9736
-1 -1
9827 -1
-1 -1
-1 -1
-1 -1
-1 -1
-1 9792
9730 -1
-1 -1
-1 -1
-1 -1
-1 -1
-1 9602
-1 -1
-1 -1
-1 -1
-1 -1
-1 -1
-1 -1
-1 9842
-1 -1
-1 -1
-1 -1
-1 -1
-1 -1
-1 -1
-1 -1
-1 -1
-1 -1
-1 -1
-1 -1
-1 -1
-1 9979
-1 -1
-1 -1
-1 -1
-1 -1
-1 -1
-1 -1
-1 -1
-1 -1
-1 -1
-1 -1
-1 -1
-1 -1
-1 -1
-1 -1
-1 -1
9938 -1
-1 -1
-1 -1
-1 -1
-1 -1
-1 -1
-1 -1
-1 -1
-1 -1
-1 -1
-1 -1
-1 -1
-1 -1
-1 -1
-1 -1
-1 -1
-1 -1
-1 -1
-1 -1
-1 -1
-1 -1
-1 -1
-1 -1
-1 -1
-1 -1
-1 -1
-1 -1
-1 -1
-1 -1
-1 -1
-1 -1
9960 -1
-1 -1
-1 -1
-1 -1
-1 -1
-1 -1
-1 -1
-1 -1
-1 -1
-1 -1
-1 -1
-1 -1
-1 -1
-1 -1
-1 -1
-1 -1
-1 -1
9715 -1
-1 -1
-1 -1
-1 -1
-1 -1
-1 -1
-1 -1
-1 -1
-1 -1
-1 -1
-1 -1
-1 -1
-1 -1
-1 -1
-1 9942
-1 -1
-1 -1
-1 -1
-1 -1
-1 -1
-1 -1
-1 -1
-1 -1
-1 -1
-1 -1
-1 -1
-1 -1
-1 -1
-1 -1
-1 -1
-1 -1
-1 -1
-1 -1
-1 -1
-1 -1
-1 9752
10000 -1
-1 -1
-1 -1
-1 -1
-1 -1
-1 -1
-1 -1
-1 -1
-1 -1
-1 -1
-1 -1
-1 -1
-1 -1
9878 -1
-1 -1
-1 -1
-1 -1
-1 -1
-1 -1
-1 -1
-1 -1
-1 -1
-1 -1
-1 -1
-1 -1
-1 -1
-1 -1
-1 -1
-1 -1
-1 -1
-1 9775
-1 -1
-1 -1
-1 -1
-1 -1
-1 9765
-1 -1
-1 -1
-1 -1
-1 -1
-1 -1
-1 -1
-1 -1
-1 -1
-1 -1
-1 -1
-1 -1
-1 9779
-1 -1
-1 -1
-1 -1
-1 -1
-1 -1
-1 -1
-1 -1
-1 -1
-1 -1
-1 9864
-1 -1
9870 -1
-1 -1
-1 -1
-1 -1
-1 -1
-1 -1
-1 -1
-1 -1
-1 -1
-1 -1
-1 -1
-1 -1
-1 -1
-1 -1
-1 -1
-1 -1
-1 -1
-1 -1
-1 -1
-1 -1
-1 -1
-1 -1
-1 -1
-1 -1
-1 -1
-1 -1
-1 -1
-1 -1
-1 -1
-1 -1
-1 -1
-1 -1
-1 -1
-1 -1
-1 9998
-1 -1
-1 -1
-1 -1
-1 -1
-1 -1
-1 -1
-1 -1
-1 -1
-1 -1
-1 -1
-1 -1
-1 -1
-1 -1
-1 -1
-1 -1
-1 -1
-1 -1
-1 -1
-1 -1
9935 -1
-1 -1
-1 -1
-1 -1
-1 -1
-1 -1
-1 -1
-1 -1
-1 -1
-1 -1
9921 -1
-1 -1
-1 -1
-1 -1
-1 -1
-1 -1
-1 -1
-1 -1
-1 -1
-1 -1
-1 -1
-1 -1
-1 -1
-1 -1
-1 -1
-1 -1
-1 -1
-1 -1
-1 -1
-1 -1
-1 -1
-1 -1
-1 -1
-1 -1
-1 -1
-1 -1
-1 -1
-1 -1
-1 -1
-1 -1
-1 -1
-1 -1
-1 -1
-1 -1
-1 -1
-1 -1
-1 -1
-1 -1
-1 -1
-1 -1
-1 -1
-1 9930
-1 -1
-1 -1
-1 -1
-1 -1
-1 -1
-1 -1
-1 -1
-1 -1
-1 -1
-1 -1
-1 -1
-1 -1
-1 -1
-1 -1
-1 -1
-1 -1
-1 -1
-1 -1
-1 -1
-1 -1
-1 -1
-1 -1
-1 -1
-1 -1
-1 -1
-1 -1
-1 9963
-1 -1
-1 -1
-1 -1
-1 -1
-1 -1
-1 -1
-1 -1
-1 -1
-1 -1
-1 -1
-1 -1
-1 -1
-1 -1
-1 -1
-1 -1
-1 -1
-1 -1
-1 -1
-1 -1
-1 -1
-1 -1
-1 -1
-1 -1
-1 -1
-1 -1
-1 -1
-1 -1
-1 -1
-1 -1
-1 -1
-1 -1
-1 -1
-1 -1
-1 -1
-1 -1
-1 -1
-1 -1
-1 -1
-1 -1
-1 -1
-1 -1
-1 -1
-1 -1
-1 -1
-1 -1
-1 -1
-1 -1
-1 -1
-1 -1
-1 -1
-1 -1
-1 -1
-1 -1
-1 -1
-1 -1
-1 -1
-1 -1
-1 -1
-1 -1
-1 -1
-1 -1
-1 -1
-1 -1
-1 -1
-1 -1
-1 -1
9976 -1
-1 -1
-1 -1
-1 -1
-1 -1
-1 -1
-1 -1
-1 -1
-1 -1
-1 -1
-1 -1
-1 -1
-1 -1
-1 -1
-1 -1
-1 -1
-1 -1
-1 -1
-1 -1
-1 -1
-1 -1
-1 -1
-1 -1
-1 -1
-1 -1
-1 -1
-1 -1
-1 -1
-1 -1
-1 -1
-1 -1
-1 -1
-1 -1
