2000
2 10
5 3
4 14
23 7
28 6
13 8
22 9
16 115
12 49
75 11
32 85
18 52
24 21
27 15
36 17
20 19
177 44
236 558
43 64
30 26
66 25
58 35
99 48
34 46
37 45
38 29
63 65
73 33
40 162
31 68
1176 151
124 61
104 54
41 113
1041 39
69 47
50 77
42 103
244 666
51 92
520 176
81 228
111 144
174 59
130 -1
86 60
97 131
286 -1
55 62
93 282
139 128
641 53
57 56
225 67
76 107
160 74
123 118
207 135
91 105
-1 84
82 -1
121 1327
190 260
215 88
71 140
102 78
108 132
80 72
106 70
563 373
146 129
109 87
98 90
358 83
-1 79
126 125
213 296
310 185
89 141
154 1298
369 116
435 -1
238 94
345 309
127 96
181 95
120 806
535 473
197 117
155 245
494 142
210 110
1546 926
138 212
149 424
423 100
147 322
204 101
191 156
114 300
313 257
193 297
133 152
136 702
619 148
173 112
183 333
223 205
364 -1
122 119
165 145
388 172
393 606
158 1906
799 517
1047 288
214 143
175 240
298 387
134 859
163 306
167 166
157 -1
847 -1
362 340
566 -1
439 579
331 202
206 1408
194 180
137 1734
171 168
629 525
153 150
682 -1
301 211
188 584
1202 402
170 203
263 159
195 -1
224 192
597 338
1518 491
442 258
164 249
367 179
230 182
295 169
279 200
161 400
-1 267
330 574
-1 374
201 254
583 186
271 187
1371 384
375 -1
892 1174
604 241
357 368
676 178
208 1913
323 1724
293 573
-1 237
436 184
-1 216
287 1139
-1 1098
218 325
269 222
189 394
251 -1
-1 -1
554 -1
219 714
243 252
227 277
1054 415
376 355
226 510
209 -1
231 -1
-1 512
233 350
1403 199
235 196
220 328
742 346
303 411
607 -1
239 1478
1599 291
198 905
528 1043
476 -1
264 354
-1 341
396 332
441 385
229 246
766 262
255 -1
311 773
794 278
389 382
483 253
256 477
-1 1011
217 -1
274 516
445 549
312 803
294 -1
452 270
334 448
386 221
285 335
234 -1
987 232
484 463
365 1607
465 280
248 268
408 414
501 500
250 247
352 392
1618 261
478 564
242 -1
819 431
-1 -1
518 259
351 526
318 706
1461 299
961 -1
-1 469
556 911
760 -1
302 343
326 432
275 1324
276 273
320 292
663 284
272 281
359 -1
266 775
1233 1091
470 308
703 1575
366 283
785 290
304 1107
772 864
397 429
672 826
565 265
433 1523
798 353
982 344
324 378
315 -1
317 -1
409 1243
454 611
571 -1
446 -1
-1 851
377 953
-1 786
289 1302
668 835
1527 1066
329 1305
363 1762
407 342
833 1397
381 420
543 585
1236 1445
770 -1
307 383
839 314
-1 -1
1380 791
339 800
321 -1
460 1769
524 398
832 1244
531 327
336 -1
305 1436
379 -1
422 -1
603 866
-1 430
1434 740
1472 -1
440 -1
793 -1
498 -1
319 347
577 316
817 -1
418 761
509 675
-1 1151
-1 1744
1341 1240
-1 337
530 514
-1 426
667 1056
481 348
349 361
1076 466
600 685
1156 1024
697 399
468 395
360 -1
-1 412
438 507
-1 796
-1 -1
391 -1
757 1868
427 -1
720 745
-1 590
635 699
380 846
1480 1954
741 405
639 1307
370 -1
655 815
356 -1
1050 -1
1135 959
621 730
492 1275
527 1110
917 756
834 882
480 1738
-1 449
403 534
401 709
371 636
-1 654
540 -1
-1 976
935 788
1092 539
489 -1
1292 569
459 -1
790 -1
372 1031
887 -1
404 496
1170 801
-1 451
1300 462
417 474
-1 711
927 1506
753 1306
458 896
816 747
674 610
1525 521
419 -1
390 985
-1 1229
1545 406
724 453
844 416
1282 548
1161 1029
-1 837
479 486
499 487
485 -1
1143 1393
410 -1
1747 -1
750 1314
1473 544
513 -1
551 -1
1587 471
1017 1385
-1 854
464 -1
447 444
1471 632
1008 -1
601 -1
-1 455
515 733
413 673
1784 1583
533 1427
749 831
752 -1
421 903
-1 929
659 472
546 -1
731 656
503 662
684 -1
522 425
461 -1
428 557
434 443
-1 969
1021 502
990 792
475 1440
1269 743
-1 -1
1362 450
683 437
495 -1
625 532
858 -1
647 1123
-1 490
587 -1
795 862
1245 1702
-1 572
631 613
553 626
456 1072
1158 679
-1 488
1155 1036
689 -1
1798 504
567 467
710 575
842 1750
1127 1175
505 704
457 818
1629 1794
617 561
1349 -1
763 698
716 506
552 1068
497 924
1530 -1
813 918
-1 -1
814 653
1039 581
1489 1069
1708 664
1133 1108
538 1007
1057 580
508 693
863 633
1353 1816
542 974
-1 482
648 596
996 598
823 642
1274 523
612 875
-1 555
1136 511
605 644
1012 1120
717 -1
493 -1
1145 -1
1197 602
570 545
1084 1997
999 1962
594 588
1079 -1
678 638
529 902
1289 609
-1 789
1739 -1
1844 670
737 888
-1 1381
-1 973
618 1759
1067 -1
547 -1
746 1422
550 1316
-1 871
1827 615
983 748
-1 576
701 1565
692 1020
541 -1
536 519
751 822
1010 824
-1 -1
1937 634
-1 908
1367 949
599 728
1378 722
560 707
828 1203
787 1665
1122 1588
1632 562
-1 -1
916 537
688 1149
-1 -1
568 -1
1658 -1
-1 559
608 -1
885 -1
-1 649
734 681
586 589
1866 -1
-1 904
592 -1
708 616
630 1375
848 1183
646 1142
1848 762
-1 1131
-1 967
623 1101
1022 1251
-1 1552
1266 1169
1343 -1
614 -1
764 994
1038 1235
1425 691
812 -1
-1 582
1919 -1
928 843
-1 957
779 884
-1 -1
1270 1354
637 -1
-1 -1
872 993
622 -1
-1 1137
578 989
1469 593
723 -1
658 -1
657 -1
-1 805
1973 -1
643 591
954 1121
840 830
726 1965
736 595
-1 1387
727 -1
651 -1
628 -1
933 -1
1254 -1
-1 867
1260 -1
-1 620
-1 1746
1283 1639
735 690
-1 877
1014 -1
-1 920
715 889
677 1246
665 1871
627 1355
883 624
1200 952
1023 -1
1660 732
1933 645
1881 718
-1 1987
777 797
931 1482
808 650
-1 836
1463 1015
686 1376
1293 -1
1234 897
-1 932
-1 -1
705 -1
-1 1556
1035 -1
1735 1862
1206 1077
-1 1753
1025 1044
671 739
712 1081
1162 700
1600 696
782 713
1279 1051
640 1094
802 981
1892 1924
946 1360
1984 -1
1144 -1
669 1459
1477 -1
1585 783
1042 660
827 -1
1165 661
-1 1957
721 1554
774 -1
652 781
-1 -1
971 1060
850 1458
-1 1704
-1 1779
923 1644
-1 -1
1199 -1
-1 2000
878 1431
-1 -1
-1 -1
695 -1
1737 778
-1 -1
725 -1
-1 -1
852 970
-1 694
-1 841
1215 680
962 1524
1568 1995
1188 1578
1204 -1
-1 1154
-1 1064
988 910
-1 -1
1370 960
966 -1
1312 1268
687 1452
-1 -1
972 -1
829 -1
1058 860
1097 1684
998 738
729 1450
-1 950
-1 -1
-1 -1
899 -1
1334 874
1790 -1
-1 1026
1960 1535
1087 1070
754 943
1317 -1
845 1820
977 1132
780 758
869 804
-1 -1
-1 -1
1377 -1
-1 1124
914 719
1085 1722
-1 821
1082 -1
-1 1504
937 915
1195 -1
-1 -1
-1 1288
1417 744
1683 1285
1218 -1
-1 -1
-1 784
768 -1
-1 -1
898 -1
820 853
-1 755
-1 992
-1 922
865 -1
-1 -1
-1 1611
925 -1
807 811
838 759
809 1845
1106 -1
-1 1059
-1 1075
895 -1
1557 -1
-1 -1
936 881
776 -1
1114 1681
-1 -1
1146 1887
810 -1
-1 1062
-1 1876
767 765
-1 870
-1 1329
1625 -1
-1 1006
1520 -1
-1 1760
1562 -1
1732 -1
1409 -1
-1 -1
1100 -1
1392 825
-1 900
-1 -1
771 769
1226 1536
1013 -1
-1 -1
1435 -1
-1 -1
891 1589
-1 -1
941 1531
939 1723
1394 1028
-1 1065
1115 913
873 963
861 -1
-1 -1
979 -1
1400 1277
947 -1
855 1867
1113 -1
-1 876
-1 -1
-1 -1
-1 1209
-1 -1
-1 1163
-1 -1
-1 893
-1 1366
1201 991
1372 907
1659 -1
1634 -1
-1 -1
938 868
-1 -1
880 1112
1045 1401
1404 -1
1207 1247
-1 1673
1190 849
-1 -1
-1 -1
1016 1323
1532 -1
1009 -1
1172 906
894 1807
-1 -1
1548 -1
-1 -1
1208 856
955 -1
-1 -1
-1 -1
945 1534
1605 1368
-1 -1
975 -1
1150 1430
1502 -1
-1 1540
-1 -1
-1 1363
1441 1166
1467 -1
1309 886
-1 1052
-1 -1
1186 1332
1457 -1
1488 -1
-1 857
-1 -1
1379 -1
1273 1822
1785 909
890 1032
1508 1167
1703 1191
-1 1210
-1 968
1027 1358
978 1361
-1 -1
-1 1474
1153 -1
-1 1817
919 1304
1331 -1
-1 -1
934 1864
1929 -1
1030 -1
-1 1205
-1 1308
1159 -1
-1 1863
-1 1700
1603 1187
1500 1164
-1 1517
1872 1516
1526 -1
956 1697
-1 -1
879 1388
1255 -1
1071 1095
951 1398
-1 1642
-1 1160
1814 -1
1049 1040
1442 1217
1813 -1
-1 1495
-1 -1
-1 901
1019 1389
980 -1
-1 948
1325 1382
1223 1086
1689 -1
-1 -1
1046 1102
1321 -1
-1 944
1003 930
995 1497
986 1193
1725 1374
1386 1810
-1 -1
1971 -1
912 -1
1099 -1
-1 -1
1296 1212
1096 997
-1 -1
1004 -1
1093 -1
1741 -1
-1 1604
1322 -1
1648 964
1225 921
-1 -1
-1 -1
-1 942
1870 1290
940 1157
-1 1263
1297 -1
1001 1678
1657 1147
1946 1829
1257 1148
1896 1352
-1 1538
-1 1018
-1 -1
1396 -1
1777 1359
-1 -1
1267 -1
1598 1299
1541 -1
1596 -1
984 -1
958 1265
1311 1262
965 -1
-1 1905
1584 1000
-1 -1
1181 -1
-1 -1
-1 1533
1721 -1
1466 1073
-1 -1
-1 1622
-1 -1
1507 -1
-1 -1
-1 -1
-1 -1
-1 1688
-1 1125
1173 1280
1326 -1
1764 -1
-1 -1
1453 1189
1670 -1
-1 -1
-1 1002
1952 -1
-1 1539
-1 -1
1295 -1
-1 1927
-1 1698
1037 1406
-1 1103
1109 1364
1740 -1
-1 -1
1395 1080
-1 1560
-1 -1
-1 1105
-1 1966
1399 -1
-1 -1
1111 -1
-1 -1
1682 -1
-1 1446
1330 -1
1005 -1
-1 1078
-1 1053
1351 1413
1695 -1
-1 1118
-1 1034
1192 -1
-1 1211
-1 -1
-1 -1
1238 -1
1232 1182
-1 -1
1284 -1
-1 -1
-1 -1
-1 -1
1126 -1
-1 -1
1231 -1
-1 -1
-1 1134
-1 -1
1090 1128
1801 -1
1214 1179
1171 1559
-1 1340
-1 -1
-1 1318
-1 -1
1241 -1
-1 1271
1033 1843
1063 -1
1140 1141
-1 -1
-1 -1
1944 -1
-1 -1
-1 1264
-1 -1
1499 1089
1509 1061
-1 1055
-1 1653
-1 1503
1757 1048
1904 1834
-1 -1
1198 1074
-1 1346
-1 1733
1313 -1
1464 1955
1248 -1
1261 -1
1624 1239
-1 -1
1088 -1
-1 -1
1407 -1
-1 -1
-1 1613
-1 1339
1586 1083
-1 1878
-1 -1
-1 1853
-1 -1
-1 1320
1783 -1
1315 1483
1661 -1
1138 -1
-1 -1
1443 -1
-1 1228
-1 1350
1501 1278
1130 1177
-1 1664
-1 1542
1609 -1
-1 1894
1294 -1
-1 1104
1573 1468
-1 -1
1640 -1
-1 -1
-1 1811
-1 -1
-1 -1
-1 1116
1448 -1
1347 1988
-1 -1
-1 1119
-1 -1
-1 1117
1348 -1
-1 -1
-1 1219
-1 -1
-1 -1
-1 1184
-1 -1
-1 -1
-1 1804
1185 1224
-1 1336
1930 1633
-1 1709
-1 -1
-1 -1
-1 -1
-1 -1
1129 -1
-1 1421
-1 1754
-1 1337
-1 1213
1579 -1
-1 1250
-1 1701
-1 1230
-1 -1
1693 1766
-1 -1
1310 -1
1615 -1
-1 1570
-1 1335
1420 1852
-1 -1
1249 -1
-1 1715
1259 1419
-1 1901
1726 -1
1514 -1
-1 1253
1529 1979
-1 1602
-1 1593
-1 -1
-1 -1
-1 1276
1961 1168
1220 -1
-1 -1
1345 1221
-1 1614
-1 1672
-1 1705
-1 -1
1152 -1
-1 -1
-1 -1
-1 -1
1451 1728
1550 1889
-1 1958
-1 1462
-1 -1
1626 -1
1537 1547
1650 -1
1180 -1
-1 1237
1252 -1
-1 -1
-1 -1
1390 -1
-1 1194
1373 1730
-1 -1
-1 1671
1256 1859
-1 -1
-1 -1
1447 -1
1178 1677
-1 1258
-1 -1
-1 1519
-1 -1
-1 -1
-1 1222
-1 -1
1465 -1
1303 -1
1628 -1
-1 -1
-1 -1
-1 1755
-1 1564
-1 1242
1736 -1
1272 1196
-1 -1
-1 1749
-1 -1
1781 1493
1553 1227
-1 -1
-1 1344
-1 -1
1850 -1
-1 -1
-1 1612
1976 -1
1444 -1
-1 -1
1328 -1
1416 1522
1216 1338
-1 1543
-1 1920
1301 -1
-1 1291
1895 -1
1637 1778
1641 -1
1679 -1
-1 1281
1803 1411
1486 1561
-1 -1
1982 -1
1900 -1
-1 -1
-1 1342
1287 -1
-1 -1
1333 -1
-1 -1
-1 -1
-1 -1
-1 1456
-1 1357
1765 1423
1319 -1
1412 1521
-1 -1
-1 -1
1616 1691
-1 -1
-1 -1
-1 1674
1576 -1
-1 1479
1286 1761
1470 -1
1921 -1
1947 -1
-1 -1
-1 1619
1460 1356
-1 1685
1787 -1
-1 -1
1936 -1
-1 -1
1837 -1
1590 -1
1647 -1
1424 -1
-1 1680
-1 -1
1487 -1
-1 -1
-1 1365
-1 -1
-1 -1
-1 -1
-1 -1
-1 -1
-1 -1
1369 -1
1772 -1
1610 -1
-1 -1
-1 -1
-1 -1
1591 -1
-1 -1
1429 -1
1496 1768
-1 -1
1515 -1
-1 -1
-1 -1
-1 -1
1771 1580
-1 -1
-1 -1
-1 -1
-1 -1
-1 -1
1402 -1
1898 1563
1687 1481
-1 1476
1949 1551
-1 -1
-1 -1
-1 -1
-1 -1
-1 -1
-1 1883
1751 1748
1491 -1
1608 1454
-1 -1
-1 1815
1745 1897
-1 1818
1692 -1
-1 -1
1978 -1
-1 -1
-1 -1
1710 1484
-1 -1
-1 -1
-1 1581
1410 1668
-1 -1
1912 -1
-1 1711
-1 -1
-1 1606
-1 1595
-1 -1
-1 -1
-1 1415
-1 -1
-1 -1
-1 -1
-1 -1
-1 -1
1582 -1
-1 -1
-1 -1
-1 -1
-1 -1
-1 -1
1846 -1
1839 1713
-1 -1
1714 1882
-1 -1
1433 1840
-1 -1
1983 1808
-1 -1
1776 1475
-1 1494
-1 1972
1414 1432
-1 -1
-1 1922
1727 1449
-1 1656
1649 1617
-1 -1
-1 -1
1923 -1
-1 1383
1646 -1
1418 -1
-1 1384
-1 -1
1437 -1
-1 -1
-1 -1
1620 -1
-1 1694
1549 -1
-1 -1
-1 -1
1391 -1
-1 -1
-1 -1
-1 -1
-1 -1
1932 -1
-1 -1
1405 -1
-1 1841
-1 -1
1528 -1
1498 -1
1690 -1
-1 -1
1439 -1
-1 -1
-1 -1
-1 -1
-1 1796
-1 -1
-1 1902
-1 -1
-1 -1
1627 -1
-1 -1
-1 1770
1577 -1
1819 -1
-1 1886
-1 -1
-1 1890
1455 -1
1851 -1
-1 -1
-1 -1
-1 1426
1492 -1
-1 1706
1643 1989
-1 -1
1428 -1
-1 -1
-1 -1
1963 -1
-1 -1
1833 1854
-1 1631
1731 -1
-1 -1
-1 1630
-1 -1
-1 -1
-1 -1
-1 -1
1635 -1
-1 -1
1505 -1
-1 1938
-1 1832
1438 1940
-1 1638
-1 -1
1510 -1
-1 1555
-1 1651
1490 1945
-1 -1
-1 -1
-1 -1
1918 -1
-1 -1
-1 -1
-1 -1
1975 -1
1968 -1
1990 -1
-1 -1
-1 -1
-1 1571
-1 -1
-1 -1
-1 -1
1836 -1
-1 -1
1835 -1
-1 -1
1935 -1
1767 -1
-1 1512
-1 -1
-1 -1
1597 -1
-1 1828
1544 1991
1797 1566
-1 -1
1823 -1
-1 -1
1666 1716
1774 1838
1511 -1
-1 -1
-1 -1
-1 1669
-1 1663
-1 -1
1574 1485
1662 -1
-1 -1
-1 -1
-1 -1
-1 -1
-1 -1
-1 -1
1676 -1
-1 -1
-1 -1
-1 -1
1826 -1
-1 -1
-1 1788
-1 -1
-1 1969
-1 -1
-1 -1
-1 -1
-1 -1
-1 -1
-1 1885
-1 1513
-1 -1
-1 1782
-1 -1
-1 -1
-1 -1
-1 -1
-1 -1
-1 -1
-1 -1
1569 1806
-1 -1
-1 -1
-1 -1
-1 -1
-1 -1
1858 -1
-1 -1
1805 -1
1558 -1
-1 -1
-1 -1
-1 -1
-1 -1
-1 1572
-1 1667
-1 -1
-1 -1
-1 -1
-1 1986
-1 1791
1567 1793
-1 -1
-1 -1
-1 -1
-1 -1
-1 -1
-1 -1
-1 -1
-1 -1
1652 1880
1729 1824
-1 -1
1773 -1
-1 -1
1686 -1
-1 -1
-1 -1
-1 -1
-1 -1
1831 -1
-1 -1
-1 -1
1967 -1
1743 -1
-1 1914
1742 -1
-1 -1
-1 1601
-1 -1
-1 -1
-1 -1
-1 -1
-1 -1
1707 -1
-1 1884
1875 -1
-1 -1
-1 -1
-1 -1
-1 -1
-1 -1
1675 -1
1592 -1
-1 -1
-1 1994
-1 -1
-1 -1
-1 -1
1696 -1
-1 -1
-1 1645
-1 -1
1594 -1
-1 -1
-1 -1
-1 -1
1758 -1
1855 1911
-1 -1
-1 1903
-1 1847
-1 -1
-1 -1
-1 -1
-1 -1
1849 -1
-1 -1
-1 -1
-1 -1
-1 -1
1623 -1
-1 1719
-1 1654
-1 1621
-1 -1
-1 -1
1699 1636
-1 -1
-1 1712
-1 -1
-1 -1
1775 -1
-1 -1
-1 -1
-1 1856
1928 -1
1655 -1
-1 -1
-1 -1
-1 -1
-1 -1
-1 -1
-1 -1
-1 -1
-1 -1
-1 -1
-1 -1
-1 1980
-1 -1
-1 -1
1799 -1
-1 -1
-1 1780
-1 1893
-1 -1
-1 -1
-1 -1
-1 -1
-1 -1
-1 -1
-1 -1
-1 -1
1800 1809
-1 -1
-1 -1
-1 -1
-1 1907
-1 -1
-1 -1
-1 -1
1948 -1
-1 -1
1789 -1
-1 -1
-1 -1
-1 -1
-1 -1
-1 1956
-1 -1
-1 -1
1718 -1
-1 -1
-1 1861
-1 -1
-1 -1
-1 -1
-1 -1
-1 -1
-1 -1
-1 -1
-1 -1
-1 -1
-1 -1
-1 -1
-1 -1
-1 -1
-1 -1
-1 -1
-1 -1
1860 -1
-1 -1
-1 1916
-1 -1
-1 -1
1752 -1
-1 -1
1985 1925
1926 -1
-1 -1
-1 -1
-1 -1
-1 -1
1717 -1
-1 1874
-1 -1
-1 -1
-1 -1
1720 -1
-1 -1
-1 -1
1908 -1
-1 -1
-1 -1
-1 -1
1795 -1
-1 1931
-1 -1
-1 1756
-1 -1
-1 -1
-1 -1
-1 -1
-1 1792
-1 -1
-1 -1
-1 -1
-1 -1
-1 1869
-1 -1
-1 -1
-1 -1
-1 -1
-1 -1
-1 -1
-1 -1
-1 -1
-1 -1
-1 -1
1763 1825
-1 -1
-1 -1
-1 -1
-1 -1
-1 -1
-1 -1
-1 -1
-1 1964
-1 1830
-1 -1
1786 -1
-1 -1
1951 -1
-1 -1
1821 1891
-1 -1
-1 1899
-1 -1
-1 1812
-1 1910
-1 -1
-1 -1
1909 -1
-1 -1
-1 -1
1950 -1
-1 1942
-1 -1
-1 -1
-1 -1
-1 -1
-1 -1
-1 -1
-1 -1
-1 -1
-1 -1
-1 -1
1981 -1
-1 -1
-1 -1
-1 -1
-1 -1
-1 -1
1974 -1
-1 -1
-1 -1
-1 1915
-1 -1
-1 -1
-1 -1
-1 -1
1970 -1
-1 -1
-1 -1
-1 -1
-1 -1
-1 -1
-1 -1
-1 -1
-1 -1
-1 -1
-1 -1
1865 -1
-1 -1
-1 1939
-1 1802
-1 -1
-1 -1
-1 -1
-1 -1
-1 -1
-1 -1
-1 -1
-1 -1
1953 -1
-1 -1
-1 -1
-1 -1
-1 -1
-1 -1
-1 -1
-1 -1
-1 1842
-1 -1
1877 -1
-1 -1
-1 -1
-1 -1
-1 -1
-1 -1
-1 -1
-1 -1
-1 -1
-1 -1
1857 1998
-1 -1
-1 -1
-1 -1
-1 -1
-1 1992
-1 -1
-1 -1
1917 -1
-1 -1
-1 -1
-1 -1
-1 -1
1873 -1
-1 -1
-1 -1
-1 -1
-1 -1
-1 -1
-1 -1
1943 -1
-1 -1
-1 -1
-1 -1
-1 -1
-1 -1
-1 -1
-1 -1
-1 -1
-1 -1
-1 -1
-1 -1
-1 -1
-1 -1
-1 -1
-1 -1
-1 -1
-1 -1
-1 -1
-1 -1
1879 -1
-1 -1
-1 -1
-1 -1
-1 1996
-1 -1
-1 -1
-1 -1
-1 -1
-1 -1
-1 -1
-1 1941
-1 -1
-1 -1
-1 -1
-1 1888
-1 -1
-1 -1
-1 -1
-1 -1
-1 -1
-1 -1
-1 -1
-1 -1
-1 1993
-1 -1
-1 -1
-1 -1
-1 -1
-1 -1
-1 -1
-1 -1
-1 -1
-1 -1
-1 -1
-1 -1
-1 -1
-1 -1
-1 -1
-1 -1
-1 -1
-1 -1
-1 1934
-1 -1
-1 -1
-1 -1
-1 -1
-1 -1
-1 -1
-1 -1
-1 -1
-1 -1
-1 -1
-1 -1
-1 -1
-1 -1
-1 -1
-1 -1
-1 -1
-1 -1
-1 -1
-1 -1
-1 -1
-1 -1
-1 -1
-1 -1
-1 -1
-1 -1
-1 -1
-1 -1
-1 1977
-1 -1
-1 -1
-1 -1
-1 -1
-1 -1
-1 -1
-1 -1
-1 -1
-1 -1
-1 -1
-1 -1
-1 -1
-1 -1
-1 1999
1959 -1
-1 -1
-1 -1
-1 -1
-1 -1
-1 -1
-1 -1
-1 -1
-1 -1
-1 -1
-1 -1
-1 -1
-1 -1
-1 -1
-1 -1
-1 -1
-1 -1
-1 -1
-1 -1
-1 -1
-1 -1
-1 -1
-1 -1
-1 -1
-1 -1
-1 -1
-1 -1
-1 -1
-1 -1
-1 -1
-1 -1
-1 -1
-1 -1
-1 -1
-1 -1
-1 -1
-1 -1
-1 -1
-1 -1
-1 -1
-1 -1
-1 -1
-1 -1
-1 -1
-1 -1
-1 -1
