4000
2 7
3 5
4 58
6 13
11 18
22 8
9 14
10 911
199 92
28 26
12 15
25 63
20 16
127 17
55 21
115 60
35 24
31 19
95 142
83 155
27 43
23 56
29 37
128 30
346 32
94 65
47 33
42 61
1410 36
48 34
38 62
139 74
133 1344
59 136
72 84
39 297
57 51
112 40
87 41
46 460
50 317
44 145
45 683
73 76
49 66
89 151
86 757
105 166
79 54
64 53
52 171
134 114
103 78
212 245
201 430
230 85
67 104
99 140
190 96
108 71
120 88
80 188
184 164
774 109
176 70
163 75
68 97
82 69
107 315
319 122
289 77
716 153
102 90
132 1054
110 93
2579 1168
324 215
271 172
138 330
81 241
101 131
206 436
126 1436
111 173
454 91
116 169
-1 694
392 117
147 1115
469 144
-1 290
1698 98
1015 342
532 119
815 161
278 262
217 197
365 100
118 124
335 605
3163 250
202 231
135 113
129 154
575 106
156 195
123 152
769 125
157 314
234 345
121 222
236 149
143 265
246 608
225 187
165 2654
401 175
2695 180
269 181
158 2955
242 1083
219 167
848 198
923 306
-1 457
146 182
238 594
226 130
387 1475
233 902
399 148
-1 2201
137 200
251 560
842 1312
622 159
298 1111
1008 141
210 749
296 168
274 150
178 300
1664 183
353 802
247 160
524 170
193 -1
185 286
162 174
186 194
617 192
375 1187
954 191
235 221
502 223
601 344
1085 279
205 281
1150 377
394 213
553 304
475 431
179 1629
228 196
1482 -1
985 412
1336 216
386 1609
1126 267
303 275
307 209
2993 445
204 177
1211 1337
453 549
971 -1
320 220
207 239
467 361
283 1339
336 268
224 312
-1 248
1289 229
397 1163
3378 434
422 240
189 358
2070 203
380 291
237 356
337 211
259 287
284 243
-1 427
611 2638
636 293
1309 404
208 254
214 322
2805 280
391 301
-1 2476
589 328
400 630
343 258
565 419
531 218
2309 413
530 2156
411 952
521 493
463 266
359 740
318 491
444 263
273 428
261 255
3006 2091
462 285
370 548
1469 378
2178 2089
340 499
227 435
323 270
311 362
874 -1
325 1579
232 339
376 321
1705 3607
292 1147
276 305
2245 424
840 834
1152 414
429 479
878 426
309 253
244 417
1679 437
371 568
439 405
875 249
663 679
256 252
-1 474
396 485
390 379
257 272
415 -1
823 288
894 2499
277 398
369 -1
350 1283
403 294
260 638
449 1392
433 264
641 331
567 -1
487 432
543 887
-1 1506
-1 1088
313 482
333 1338
3696 299
395 310
385 282
295 389
640 347
2485 3685
1723 2183
360 959
2320 3651
2659 1960
448 1777
791 410
458 582
832 302
355 585
772 -1
3216 446
2152 574
468 -1
459 341
1087 872
352 642
421 -1
596 -1
364 606
-1 501
-1 494
1096 384
614 316
913 366
3269 511
1245 438
2999 807
383 1104
-1 655
357 -1
326 308
372 777
408 948
334 -1
2322 1827
-1 351
338 -1
-1 348
-1 418
329 837
639 711
388 2521
2862 539
332 536
368 374
1304 625
2535 461
690 409
1900 327
545 1050
621 440
709 2565
3947 1740
869 700
354 559
420 3770
1688 674
-1 1440
518 509
1471 1374
393 698
566 921
349 496
402 773
2319 552
1671 859
1247 541
381 373
2251 1236
586 466
1030 363
550 1221
660 979
-1 526
1212 733
486 555
2915 1670
367 488
3123 538
512 805
779 1566
599 558
1661 1042
1501 730
3751 583
742 891
1532 1035
542 406
544 1761
573 442
650 -1
492 708
1712 489
-1 537
425 1005
1358 722
495 1199
3478 480
-1 382
1109 -1
2727 579
1178 1032
1875 507
455 637
516 746
-1 580
966 464
416 768
1355 508
721 628
505 922
571 1069
604 610
3940 3745
1362 476
483 593
882 935
1759 1024
858 471
-1 644
423 2165
1173 669
465 824
1116 443
497 407
670 452
792 -1
481 1691
1738 547
569 -1
522 -1
472 795
-1 1636
909 695
500 2044
793 864
789 1400
572 631
451 1742
724 1223
1125 3404
-1 587
890 1389
677 787
1788 930
1128 2897
847 -1
676 662
447 -1
551 908
477 535
590 2108
503 2813
-1 652
896 -1
1885 1567
-1 912
-1 635
1732 2766
525 1217
-1 561
665 1016
456 504
441 1433
-1 2472
1308 506
613 734
1557 450
470 732
1174 -1
514 643
473 719
629 595
1545 1235
2407 627
905 584
484 -1
715 523
529 517
766 -1
-1 1040
785 653
685 871
515 3581
478 702
1778 907
661 540
836 776
3499 1544
974 1070
-1 668
704 1165
556 886
714 960
564 819
809 692
1207 1251
519 528
3775 -1
784 1561
2312 720
-1 527
-1 -1
-1 645
-1 1583
747 2904
1357 498
1022 -1
671 533
-1 664
490 2833
-1 1156
-1 2480
1243 520
956 -1
926 577
1105 943
1149 675
673 588
1800 626
-1 718
-1 2861
648 2366
1811 1399
1306 654
563 781
513 510
1250 1533
1391 829
1453 2122
945 591
-1 1009
2282 958
1553 765
-1 634
-1 576
1484 1029
897 1663
1379 -1
581 1310
557 570
2483 1124
699 3488
853 825
534 1695
808 603
873 -1
2046 1158
600 1559
828 598
-1 1649
696 1300
2372 -1
883 863
1558 764
1044 -1
2140 686
868 612
3291 760
546 712
1897 879
691 647
745 3580
554 845
2291 728
1890 818
1597 1142
2296 705
-1 2092
996 -1
1274 2730
578 1136
624 713
1417 1228
1292 616
1286 2037
1495 618
931 -1
-1 1045
562 651
980 597
1422 633
826 615
1577 2007
880 965
865 1063
726 1696
619 609
1808 3449
3885 666
3880 1427
1297 794
646 1323
743 867
-1 -1
3034 753
-1 2424
-1 1076
602 -1
684 703
-1 682
-1 -1
938 916
-1 900
790 876
2014 2353
592 1218
975 680
770 2069
-1 607
672 2023
741 -1
1390 1568
727 812
1121 1017
-1 1244
1926 838
657 854
929 739
1382 1302
1507 761
656 632
1677 1047
-1 649
835 888
2529 1215
2525 1942
1448 1860
-1 659
706 1804
738 1307
-1 813
2591 -1
1884 855
1489 -1
2049 -1
623 620
-1 2494
1197 1351
3493 -1
1214 707
667 3859
1334 1107
1790 1404
976 1638
2517 1535
1347 -1
3019 -1
2709 681
1051 968
678 2488
1656 697
755 1117
783 2345
701 1233
2676 1701
1066 1060
947 2675
-1 2068
762 940
1619 710
2389 3948
3394 -1
1079 1290
2544 2437
1973 2306
851 750
1406 1685
1780 1010
780 1135
1562 729
2325 1916
1846 991
788 1350
1013 2138
893 1123
1039 1189
2637 1582
751 857
1637 1090
972 1219
658 -1
877 1280
1037 -1
2045 977
3536 754
899 910
1784 725
763 693
-1 687
992 820
1272 1074
3675 2605
-1 775
889 1143
1296 1686
2228 1198
796 1160
688 1381
723 1361
1352 1216
-1 1099
798 2382
-1 731
1209 -1
689 1134
2951 1159
1084 2004
2777 924
2467 927
1407 1764
1452 1349
1573 1033
2546 752
778 904
1205 1183
822 978
1447 995
1850 1012
1003 2356
2098 1653
767 748
1502 2096
1901 892
1932 1052
-1 1657
2725 1043
2429 803
1161 736
1395 1193
-1 -1
2310 814
717 -1
1097 737
1081 953
3967 -1
1882 -1
-1 1148
-1 1089
1034 1714
786 999
1842 3395
1843 2010
3428 735
839 841
1372 -1
3339 1171
1704 801
990 1622
1383 843
756 919
758 1056
804 2420
-1 -1
1838 1000
833 -1
962 -1
800 946
1172 759
1644 -1
1428 816
1359 3053
932 1224
3647 744
1961 -1
1311 862
983 -1
1634 2100
1590 -1
799 -1
827 -1
-1 -1
3399 -1
1036 -1
1006 811
-1 797
1614 885
1774 806
1824 870
1518 933
1086 771
-1 1640
3661 782
895 1429
1238 1384
1064 1494
941 1348
1182 2886
861 -1
2376 1230
849 1249
989 1175
-1 821
1999 1805
3005 2563
951 -1
2300 -1
939 1167
-1 986
1858 3936
2745 1678
1075 2502
2440 1442
2194 -1
1176 3047
881 810
-1 -1
1593 2425
817 955
-1 3900
1103 3987
906 2193
850 1618
949 1342
-1 831
-1 1318
1157 915
-1 -1
1435 2246
3093 1816
3946 2011
1928 -1
1129 970
2513 2342
1465 1470
-1 1295
1002 1951
1038 1021
2076 1014
2081 1401
1053 1145
3223 -1
936 928
1505 1755
1560 1478
1578 -1
-1 1596
-1 -1
-1 1880
2084 1023
-1 1607
866 937
3671 1519
1744 3486
-1 1046
1365 844
1020 2452
1865 -1
998 -1
856 2939
1585 830
903 846
3540 860
852 3592
1071 1376
1527 1132
3011 2302
-1 2029
2948 3030
1275 2406
2720 1510
988 973
1754 -1
1266 2651
2106 1277
2414 3431
-1 1907
1164 1203
-1 1210
1072 1068
1273 -1
1188 2355
2172 1155
1327 1974
1181 1550
1539 -1
1059 1612
2682 -1
1599 -1
-1 -1
-1 -1
934 1078
2062 1114
3434 994
-1 1324
3895 1708
2064 884
2561 -1
2778 1041
1294 -1
981 -1
1094 1067
-1 3299
964 917
1676 1817
1253 -1
1222 -1
901 -1
1058 2279
950 -1
1077 -1
1659 -1
-1 1264
1767 1269
1854 1642
1048 2035
1943 -1
3694 1026
918 944
-1 -1
1580 1007
1031 -1
3718 1320
-1 914
1530 3055
-1 1319
2286 1923
3371 -1
898 2712
1317 2057
1267 -1
2969 1184
1672 3398
1354 1415
3918 1288
-1 1655
1792 2072
1669 1028
1604 920
2581 1326
1018 -1
1762 925
2063 -1
-1 1594
1333 1325
2071 3571
1368 3314
3246 -1
1093 -1
963 3212
-1 -1
-1 -1
-1 2174
-1 1281
1180 -1
3695 2238
2107 2508
2388 2731
3788 3419
-1 -1
1341 -1
-1 1537
1949 957
1004 1141
1019 942
961 1412
3805 967
2189 2242
2958 1091
-1 2668
-1 969
1234 -1
1420 1282
-1 1331
1581 2431
-1 1186
-1 2742
1146 2641
2040 1396
1878 1259
-1 1108
1137 2298
1144 1241
2223 1131
1935 3927
-1 1113
1822 1001
3951 -1
2412 1285
1862 1101
2740 1946
1821 2262
-1 2844
3698 1130
2815 984
3413 1139
3913 -1
982 1528
1398 1246
1955 2060
-1 -1
3043 -1
-1 1226
-1 1027
-1 -1
1694 1589
1616 2702
-1 987
1947 -1
1133 1257
-1 1353
1513 1820
3014 1082
1098 1346
1303 1603
1061 3295
3934 1565
-1 3137
1195 -1
2539 -1
2917 997
3215 1100
1151 1806
-1 993
1231 1719
-1 -1
1570 1455
1849 -1
-1 1118
3550 2058
2190 1658
-1 2269
-1 1162
-1 2340
1675 3604
-1 -1
1902 1049
-1 -1
1080 -1
1633 1586
1481 1711
-1 3172
1011 3157
-1 -1
3391 1112
1462 1867
1411 1065
1498 2292
3125 1057
1421 2658
1073 1564
3630 1204
1270 1387
1025 1191
3477 -1
1271 1106
-1 -1
-1 1055
3151 1681
-1 1459
2125 1255
1520 1127
1092 1220
1397 1138
-1 2200
-1 -1
1903 -1
3583 1409
-1 1252
2910 2403
1886 1799
-1 2817
1831 2273
1480 1394
-1 1278
1454 2179
-1 1062
2321 -1
2008 1329
-1 2075
1110 1922
1256 2849
1584 3587
-1 -1
-1 -1
3591 1248
1621 2215
-1 -1
1315 1119
-1 -1
-1 2803
1102 1293
2867 2840
-1 -1
-1 1488
1748 1726
1617 2374
1095 3753
-1 1239
-1 1206
-1 1194
1684 3347
1208 1630
-1 3688
-1 -1
-1 -1
1169 -1
-1 1343
2885 -1
-1 1733
-1 -1
1120 1929
3845 -1
1240 2600
1201 -1
1832 2582
-1 1225
-1 -1
-1 1190
3368 1706
-1 -1
3403 1982
1602 3175
1872 2264
1227 1430
1807 -1
-1 1648
-1 1906
3573 3000
-1 -1
1541 3306
2083 1140
1645 2775
1993 1965
1291 1892
3865 1522
1735 3508
3521 3529
-1 3589
-1 1509
1153 2315
1460 2664
1299 1393
-1 1370
1287 -1
1335 1371
2117 3474
1298 1260
1177 1683
1122 2640
-1 1449
3496 2479
1254 1451
1213 2810
2594 -1
-1 -1
1258 1641
1869 2150
1737 -1
1627 1265
-1 1154
3362 1166
2163 -1
-1 1185
-1 1971
1316 2426
-1 3145
1894 -1
2461 1439
1543 1994
3597 2748
3242 1857
-1 -1
3823 2628
-1 2082
1466 1608
1432 -1
-1 2512
1202 1262
1431 1229
-1 1515
1939 2299
-1 1647
-1 2012
2942 3104
1360 2466
2000 1179
1170 3048
3239 1718
-1 -1
-1 2586
1467 2234
1261 1665
1881 -1
1196 3298
1499 -1
-1 2384
1375 3828
-1 1624
1200 1403
1727 3121
1717 1192
1457 -1
1438 1526
1954 -1
1468 2143
-1 1651
1419 1779
-1 1474
-1 1977
1493 -1
-1 -1
1855 1587
2280 3315
-1 1536
3615 1434
3992 -1
1491 1263
1237 1538
-1 -1
-1 2164
2669 2308
2878 1423
2328 3406
-1 1345
1232 2243
2821 1781
-1 2441
-1 1314
1765 2094
2104 -1
1425 -1
-1 1848
1736 1837
-1 1414
2449 1321
1715 3884
3279 1279
-1 2749
2963 -1
2946 -1
1725 1628
2297 1503
-1 2881
2283 3381
1508 1768
-1 2613
1408 -1
-1 -1
2203 -1
3128 -1
-1 -1
2753 2314
-1 1739
-1 2596
2593 -1
2110 1794
3045 1242
-1 1386
1356 3739
-1 2335
-1 2255
-1 -1
-1 -1
-1 -1
3539 -1
3050 1385
-1 3738
-1 1504
-1 2704
3173 1377
2404 1463
2481 1987
-1 1418
2276 3632
1611 1313
-1 -1
1405 -1
3433 -1
-1 3677
3504 -1
1959 -1
3309 -1
1668 1635
1322 -1
-1 -1
3783 3329
-1 1268
1444 3908
-1 1472
-1 3182
1912 3080
2074 -1
2188 1443
-1 1750
-1 1917
-1 2541
1284 -1
-1 2987
1919 -1
-1 -1
-1 2756
-1 1899
1332 1574
1791 -1
-1 3319
2652 2780
2054 1473
1276 3302
3265 3408
1305 -1
1931 1697
-1 -1
-1 1424
1366 3069
-1 2030
1975 -1
1330 2005
2454 1301
1980 -1
2367 -1
2352 -1
1514 1662
1984 1950
-1 2462
1450 -1
1363 2065
3322 1380
-1 2263
1776 3183
1866 1456
1856 1388
2460 3180
-1 3709
1572 1646
-1 -1
3662 1896
-1 1378
2240 2066
-1 1555
3042 1956
-1 2136
1639 -1
1913 -1
1512 1908
1751 1328
-1 1546
-1 1516
-1 -1
2153 2121
1793 2217
1600 1605
2101 -1
-1 -1
1441 1556
1643 2221
-1 1652
-1 1861
-1 2224
1588 -1
1938 2686
3852 1445
-1 -1
1402 1486
1521 1895
1369 1340
1364 1692
-1 1631
1367 2989
1476 3305
-1 2723
-1 2944
-1 -1
2781 2894
2423 2016
-1 1492
-1 1464
-1 3546
2432 2334
3451 -1
1720 2050
2829 1517
3076 1523
2595 1710
3526 1839
1700 3437
3489 2583
3103 1606
2021 -1
1571 1426
2465 2607
-1 2549
1496 2428
-1 -1
1864 -1
1458 2809
3352 1823
2006 3555
-1 2055
-1 1623
1914 2941
3253 2830
2616 1373
1752 3463
1709 -1
-1 2759
-1 -1
1554 3133
3838 -1
3974 1863
-1 -1
3258 3353
1613 2270
2053 1729
-1 2226
3464 -1
1757 -1
-1 1595
3372 2024
-1 -1
1548 -1
1920 1437
1734 2368
-1 -1
2484 1989
3192 1747
3351 -1
2708 -1
-1 -1
2413 1654
-1 2347
-1 1477
-1 -1
1531 1782
2980 -1
-1 1650
1941 1500
-1 1898
1845 2027
1632 -1
1592 3960
1446 -1
-1 3502
2443 1479
1524 1699
2589 1413
-1 -1
2768 2703
1416 2213
-1 1852
1868 -1
1909 -1
1756 2865
2383 1689
1601 -1
2130 -1
-1 -1
-1 -1
-1 1525
-1 -1
-1 1511
1620 2386
2357 -1
-1 1461
1933 -1
1490 3945
2486 -1
2061 1851
1485 3040
2798 -1
3044 1591
1883 2026
-1 2923
2087 -1
-1 1844
2575 -1
1731 -1
3086 -1
1626 2154
1728 2996
-1 2866
2181 -1
1810 -1
1834 -1
-1 1551
1549 -1
-1 2247
2487 -1
-1 1724
-1 2365
2875 2052
-1 -1
2458 1674
2792 3245
-1 1497
-1 -1
-1 -1
2301 -1
-1 2964
2225 1483
-1 -1
2222 1667
1771 2738
-1 1487
-1 1542
-1 3100
-1 2002
-1 -1
3376 2464
2492 1722
2348 2770
1610 3874
3067 -1
1534 1693
3335 1552
-1 1576
2067 1918
1952 -1
-1 2077
3985 1625
1673 1815
1964 -1
1769 -1
3563 2171
-1 1540
2019 1660
1934 -1
-1 2219
-1 1563
1798 -1
-1 1905
1547 2170
-1 -1
-1 2396
-1 2103
2572 3425
-1 -1
1529 1753
3949 2828
2631 3255
1990 2305
1893 -1
1775 3127
-1 1801
3506 3114
-1 2459
3682 2128
-1 -1
2950 2133
1702 2303
2105 -1
2373 -1
2505 -1
3892 -1
2336 1575
-1 2592
-1 2825
1983 2884
2782 2018
-1 2132
1997 1963
-1 1958
-1 1569
2009 -1
1996 2391
-1 2956
2192 2360
-1 1721
1716 2893
3691 -1
-1 2451
1746 -1
-1 -1
2681 1789
2177 3158
2268 2112
-1 1924
2097 -1
1891 2500
-1 -1
2925 2933
1847 -1
2267 -1
3567 3249
3284 1968
-1 2123
1787 2151
-1 -1
-1 -1
3101 -1
3023 -1
-1 -1
3195 3590
-1 -1
2417 3764
2073 -1
2721 -1
2445 2047
2402 -1
-1 2186
-1 -1
2456 1707
2655 2751
1814 2627
2491 3273
1783 2998
3771 2211
1841 -1
1925 -1
2113 2041
1680 -1
-1 3074
1940 -1
-1 -1
1730 -1
2707 -1
1874 -1
-1 2198
2042 2288
-1 2934
2173 2611
2900 -1
-1 1758
1713 1760
-1 -1
-1 1690
-1 -1
3418 -1
2331 3747
2185 2191
3535 2899
-1 1598
-1 2337
1819 2354
-1 -1
-1 -1
1615 3333
3387 3645
2361 1948
2131 2033
-1 -1
-1 2497
3507 2311
3393 -1
2553 2155
-1 1915
2860 -1
-1 -1
3354 3839
2795 1829
-1 -1
-1 1682
-1 1687
2533 2916
-1 1910
-1 2230
2236 3094
3283 -1
2953 -1
-1 2567
-1 -1
-1 -1
2358 2609
1978 1979
1745 -1
-1 2514
-1 2318
-1 2086
-1 1833
3102 2088
-1 2253
2370 2250
-1 1967
-1 3810
3732 1812
1666 1826
-1 2841
1830 3085
-1 -1
-1 -1
-1 2216
2232 3723
1953 1763
-1 2159
-1 2469
-1 3013
-1 2099
2794 3635
2257 2209
2158 -1
-1 2773
-1 3307
-1 2385
2574 1937
-1 1859
3323 -1
2327 -1
2570 -1
-1 -1
2142 2571
-1 -1
-1 3500
2612 3453
-1 -1
-1 2453
3126 1945
3204 1743
3896 1986
-1 -1
1785 -1
-1 2378
1911 1797
2965 -1
3078 1889
1957 3058
1741 1749
2043 2080
-1 1809
2863 2947
3844 2307
2135 2746
-1 3941
2685 1825
2519 2419
2287 2715
-1 -1
3627 3961
-1 -1
2028 -1
2115 1703
2281 -1
2510 2890
-1 -1
1813 -1
2324 3972
3639 1766
-1 -1
-1 -1
-1 3713
3410 1873
2717 1818
2111 -1
-1 1770
-1 2218
-1 3170
-1 -1
1773 2274
-1 2978
1936 1921
3562 1981
3097 2435
2229 2295
2928 2039
-1 2672
2896 -1
-1 2961
-1 -1
1786 2621
-1 3209
2031 -1
-1 -1
2272 -1
2003 1796
-1 2127
2038 2697
3686 2474
-1 -1
-1 1988
3754 2363
2313 3609
2204 2180
-1 -1
1853 -1
-1 -1
3004 -1
2733 2690
-1 -1
-1 -1
-1 3281
2898 -1
-1 -1
1836 2284
-1 3211
2763 -1
1879 -1
3435 2710
2116 2622
1969 2837
-1 -1
2182 -1
-1 2954
-1 -1
-1 2259
3470 3131
2095 3475
1835 2001
3234 2626
2573 -1
3206 -1
-1 1828
-1 -1
1772 -1
-1 3390
-1 -1
-1 2169
1802 -1
2822 2051
3514 2981
-1 -1
-1 3177
2960 -1
1992 3285
3643 1803
-1 2408
-1 2883
-1 -1
-1 3003
2025 2475
3144 3098
-1 2421
-1 1871
-1 2278
3341 -1
-1 2137
1995 2129
1795 -1
2114 3480
-1 -1
-1 -1
-1 2323
-1 2020
2390 1888
-1 -1
1927 3644
-1 2364
2210 -1
-1 -1
-1 -1
2102 -1
-1 2523
-1 2504
-1 -1
2871 -1
2585 -1
-1 1840
2344 -1
-1 -1
-1 3135
-1 -1
2872 -1
-1 -1
2700 -1
-1 -1
-1 2644
-1 2290
1877 1966
-1 -1
-1 1870
-1 2889
-1 -1
2843 2633
2214 -1
-1 -1
-1 2175
2148 3586
3952 2619
-1 -1
3021 -1
3179 -1
-1 2598
3530 -1
3150 1876
-1 1904
-1 -1
-1 -1
-1 2615
3041 -1
-1 1930
2316 3454
2536 -1
-1 2741
-1 -1
-1 3665
-1 3906
-1 1972
-1 -1
3340 2919
2244 3737
2056 3487
3292 2671
2085 3429
-1 2187
-1 -1
2134 -1
-1 3297
3989 -1
-1 -1
-1 -1
2601 -1
3120 -1
-1 2212
3979 -1
-1 -1
-1 -1
2434 -1
3349 -1
3509 -1
-1 -1
2968 -1
3642 2776
-1 -1
3802 2387
2558 1985
3512 -1
-1 2032
-1 3169
-1 3412
2015 3735
-1 2661
1887 -1
3272 2515
2149 -1
3443 -1
2157 2339
2326 2079
2256 3484
2036 -1
2972 -1
2400 3432
2205 3075
2289 -1
-1 2395
-1 -1
3920 2457
2618 -1
2808 3038
-1 -1
-1 -1
2119 2812
3640 2124
-1 -1
1944 -1
-1 -1
-1 -1
-1 -1
-1 3405
2249 2208
2584 3160
-1 3397
-1 2543
1970 -1
-1 -1
2206 -1
3995 -1
2447 1962
3556 2265
-1 -1
-1 3282
2235 -1
-1 1991
-1 2233
-1 -1
2522 -1
-1 2490
-1 -1
-1 -1
3032 -1
2013 -1
-1 -1
-1 2603
2202 2304
2199 3704
-1 -1
2650 2330
2501 2350
-1 -1
2692 2048
3111 -1
-1 2017
-1 2231
-1 2463
3513 1976
1998 2184
3469 3855
2790 2093
-1 2059
-1 2176
-1 -1
3198 -1
-1 -1
3519 2629
-1 -1
-1 -1
3424 -1
2943 2713
-1 -1
-1 2410
2559 3176
-1 2317
-1 -1
-1 -1
3366 2698
-1 -1
-1 2195
2254 -1
-1 3365
-1 -1
-1 2495
-1 -1
2427 -1
3990 -1
2252 -1
3605 -1
2147 3167
-1 -1
-1 3026
2657 2906
-1 -1
-1 -1
-1 -1
3201 2362
-1 -1
3516 -1
3012 -1
-1 -1
-1 3576
-1 2162
-1 -1
2260 2576
-1 2271
2022 3621
-1 2801
-1 -1
2139 2405
-1 -1
-1 2369
2729 3389
3161 2554
-1 2448
3136 -1
-1 -1
3105 2985
2856 -1
3649 -1
2379 -1
-1 -1
2343 2034
2772 2820
-1 -1
-1 2509
-1 3795
2109 -1
-1 2995
-1 3007
-1 -1
-1 2444
-1 2503
-1 2498
3569 -1
-1 -1
-1 -1
-1 -1
-1 3544
3897 3311
2227 3588
-1 -1
-1 2261
-1 -1
2666 2090
2578 -1
2750 -1
3446 -1
2976 -1
2850 2908
3505 -1
-1 3358
2333 3187
2197 -1
2160 -1
2791 2439
2078 -1
2642 -1
2912 -1
2857 2166
-1 2145
-1 3275
2824 2827
2237 2346
-1 -1
-1 -1
2381 3109
-1 2678
-1 -1
-1 -1
-1 -1
-1 -1
-1 3207
2564 -1
2359 2392
3099 -1
-1 2599
-1 2648
-1 -1
-1 -1
-1 -1
-1 2901
-1 3471
2168 3028
-1 3330
2436 2918
2220 -1
2991 -1
-1 -1
2489 3842
2126 3657
2207 -1
-1 -1
-1 -1
-1 3008
-1 -1
-1 -1
3481 3575
-1 2393
2118 -1
2764 -1
3232 2511
3683 -1
-1 3035
3375 -1
-1 -1
3777 2887
-1 3614
-1 -1
3084 2680
3690 2493
-1 2196
-1 -1
3841 -1
2556 -1
2528 -1
-1 3668
3869 3373
2468 -1
-1 -1
3986 2120
-1 -1
2645 -1
3612 -1
3456 2526
2141 -1
2146 3203
-1 2294
2144 2473
-1 -1
-1 -1
2796 -1
-1 2992
-1 -1
-1 2527
2984 -1
-1 -1
2375 2538
3862 2818
-1 -1
-1 2653
2880 2907
3559 3089
-1 -1
2839 -1
2557 -1
-1 -1
2422 -1
-1 -1
-1 -1
2701 -1
-1 -1
2399 3417
-1 3290
2716 2293
2161 2734
-1 2568
3197 -1
-1 -1
3465 3382
-1 2349
3286 -1
-1 2371
2380 -1
-1 -1
2662 2446
-1 2789
-1 -1
2677 -1
2167 3606
-1 -1
2455 -1
-1 -1
3461 3113
-1 -1
3037 3631
2477 2241
2617 2411
-1 3017
3817 -1
2735 3414
2831 2851
-1 -1
-1 2834
3674 2418
-1 3468
2926 -1
2836 2248
-1 3049
-1 -1
-1 -1
3068 3289
-1 3758
3447 -1
3568 -1
-1 -1
3194 3057
2540 -1
-1 -1
3673 -1
-1 -1
-1 2531
-1 3219
-1 -1
2788 2757
3077 2470
-1 -1
-1 2755
-1 -1
-1 -1
-1 -1
-1 -1
-1 3146
2765 -1
-1 -1
-1 2430
-1 3619
-1 -1
-1 -1
-1 3065
-1 -1
-1 -1
-1 -1
2329 -1
3020 -1
2258 2530
3886 -1
-1 2649
-1 -1
-1 -1
-1 2990
-1 2239
3257 3202
-1 2874
3980 -1
3548 -1
-1 -1
-1 2507
-1 3466
-1 -1
-1 -1
2545 -1
-1 3343
-1 -1
-1 -1
-1 2377
-1 2351
3804 -1
-1 -1
-1 3370
-1 3658
3324 -1
-1 -1
3171 3196
-1 -1
2891 -1
-1 -1
2275 2433
-1 2747
2401 -1
-1 -1
3052 -1
-1 2266
-1 -1
-1 2398
3402 -1
3861 -1
-1 3348
-1 -1
-1 -1
-1 -1
-1 2807
-1 3241
2338 -1
3798 3554
-1 -1
2415 2793
2277 -1
2882 -1
-1 -1
3617 2442
-1 -1
2683 -1
-1 -1
-1 2608
-1 2911
2819 3079
-1 3092
3001 -1
3924 -1
2688 -1
-1 -1
2826 -1
2285 -1
-1 -1
-1 -1
2450 -1
3706 2394
-1 2332
-1 3254
-1 -1
3149 -1
-1 -1
2663 -1
3304 -1
3638 -1
2482 3971
-1 2687
-1 2811
2397 -1
2341 3436
-1 -1
3708 -1
-1 -1
-1 -1
-1 3416
-1 2518
2783 -1
-1 3485
-1 -1
-1 -1
-1 2496
3847 -1
-1 -1
3277 -1
-1 -1
-1 3582
-1 3628
-1 -1
-1 -1
-1 2728
3189 -1
2966 2962
-1 -1
2722 2580
-1 -1
3316 2438
-1 -1
-1 -1
-1 2929
-1 2802
3460 2506
-1 3922
-1 3226
2516 -1
3863 -1
-1 -1
-1 3156
-1 2864
-1 -1
-1 2718
-1 3760
-1 3184
2873 3831
3188 -1
-1 -1
-1 -1
-1 -1
-1 2905
3138 -1
-1 -1
-1 -1
-1 -1
-1 2562
-1 -1
-1 -1
-1 2823
-1 2409
2797 2694
-1 -1
2588 3051
3877 3267
2534 -1
-1 -1
-1 3422
-1 -1
2852 2524
-1 -1
3276 2979
-1 -1
-1 -1
-1 -1
3910 2416
-1 -1
-1 -1
2719 -1
-1 2542
-1 -1
2696 2994
-1 -1
3767 3579
-1 3130
-1 -1
-1 2555
-1 3966
2632 -1
2548 3593
-1 -1
2684 -1
-1 2471
-1 -1
2665 2937
2478 3779
-1 3244
2566 3850
-1 -1
-1 2590
-1 3238
2959 -1
-1 3117
-1 -1
2774 3251
-1 3774
2646 2679
2550 3626
3933 -1
3959 2903
2552 -1
-1 -1
-1 -1
2799 -1
-1 -1
-1 -1
3073 2551
3116 -1
-1 -1
3310 -1
-1 3848
-1 -1
-1 -1
3155 3821
-1 -1
-1 2986
-1 2853
3656 -1
3062 -1
-1 -1
-1 2868
-1 -1
-1 -1
-1 -1
-1 3336
3888 2547
2625 -1
3957 -1
-1 -1
-1 2892
-1 -1
2532 -1
-1 -1
-1 -1
2913 2914
3140 2699
-1 -1
-1 -1
3423 -1
-1 -1
3681 -1
-1 2604
3786 3091
-1 -1
-1 -1
-1 -1
-1 2689
3082 3411
-1 3132
3808 2983
3110 3108
-1 3015
2804 -1
-1 2739
-1 -1
-1 -1
2614 -1
-1 -1
2927 3733
-1 -1
3081 -1
-1 -1
-1 -1
2970 2785
2869 -1
-1 -1
2537 -1
3564 -1
-1 -1
-1 -1
-1 -1
2667 -1
3022 3090
-1 -1
2691 2587
-1 3056
3994 -1
-1 -1
-1 -1
2724 -1
-1 -1
-1 -1
2816 3066
-1 3031
-1 3968
-1 -1
-1 -1
-1 3250
-1 -1
-1 2639
-1 2787
-1 -1
3430 2634
-1 -1
-1 3214
-1 -1
3634 2674
-1 2945
-1 -1
-1 2706
2597 -1
-1 -1
-1 2520
-1 -1
-1 -1
2569 -1
3009 2610
-1 -1
-1 -1
3551 -1
3541 -1
-1 -1
3409 -1
-1 -1
-1 3367
-1 -1
-1 3374
3648 -1
3883 -1
3361 -1
3553 -1
3401 -1
-1 -1
-1 2577
-1 -1
2673 3350
-1 2643
-1 -1
-1 -1
-1 2705
2624 -1
-1 -1
-1 -1
-1 2967
-1 -1
-1 -1
3938 3858
-1 -1
-1 -1
-1 2620
3545 -1
-1 2814
-1 3663
-1 2560
-1 -1
3736 -1
-1 -1
-1 -1
-1 2920
-1 -1
2670 -1
-1 -1
3702 -1
-1 -1
2660 -1
3148 2630
-1 -1
-1 -1
-1 2784
-1 -1
-1 -1
3726 -1
3344 2847
3497 -1
-1 -1
3613 -1
-1 -1
-1 -1
-1 -1
3652 -1
-1 -1
-1 2606
-1 -1
-1 2636
2647 -1
-1 2838
2800 2602
2693 -1
-1 -1
2859 -1
-1 -1
2754 2732
2879 -1
-1 3252
-1 -1
2870 -1
-1 2758
-1 -1
-1 -1
-1 -1
3724 3095
2635 -1
2744 -1
-1 -1
-1 -1
-1 -1
-1 -1
2726 -1
-1 2623
-1 3894
-1 -1
-1 3142
-1 -1
-1 2656
3716 2711
-1 -1
3274 -1
-1 2714
2922 -1
-1 3444
-1 -1
-1 -1
2779 -1
3293 3326
-1 3646
3088 -1
-1 -1
-1 -1
-1 -1
-1 -1
-1 3955
-1 2743
3762 3625
3731 -1
-1 -1
-1 -1
-1 -1
3618 -1
-1 3476
-1 -1
2936 3083
-1 -1
-1 -1
-1 -1
-1 -1
3227 3337
-1 -1
-1 3510
-1 -1
3010 2737
-1 -1
3024 -1
2888 2858
-1 -1
-1 -1
-1 -1
-1 -1
-1 -1
3400 3572
-1 -1
-1 -1
-1 -1
-1 2752
3670 -1
-1 3139
3185 -1
2854 3722
3801 3033
3237 2876
3213 -1
-1 -1
-1 2935
3060 -1
2767 -1
-1 -1
-1 -1
-1 -1
-1 2924
3070 -1
-1 -1
3867 -1
-1 -1
-1 -1
-1 -1
3692 -1
-1 3557
-1 -1
-1 2842
2769 -1
-1 2736
-1 -1
-1 3669
-1 -1
-1 -1
3503 -1
3421 -1
-1 3222
2952 3166
-1 -1
-1 -1
3236 2806
3186 -1
-1 -1
-1 -1
-1 2762
-1 2957
2977 2835
-1 -1
-1 -1
-1 -1
3107 -1
-1 -1
-1 2846
-1 3853
-1 -1
2845 -1
-1 2921
2877 -1
3317 -1
3570 -1
2760 -1
3578 -1
-1 -1
-1 -1
3064 3271
3871 -1
2761 -1
-1 2786
-1 2902
-1 -1
3962 3532
-1 -1
-1 3511
-1 3118
-1 -1
3377 3749
2771 -1
-1 -1
3603 -1
-1 -1
-1 3243
3002 3517
-1 -1
3154 -1
-1 3891
3278 -1
2982 3600
-1 -1
-1 -1
-1 3320
-1 3325
3472 3552
-1 -1
3061 -1
-1 -1
-1 -1
-1 -1
-1 -1
-1 3152
3016 -1
-1 3667
-1 3876
-1 -1
-1 3039
-1 3426
-1 3115
-1 3935
-1 3678
3993 3380
2932 2832
3939 -1
-1 -1
-1 -1
3119 3890
-1 -1
-1 -1
-1 -1
-1 -1
-1 -1
-1 -1
-1 3790
-1 2895
3826 -1
-1 -1
-1 -1
-1 -1
-1 -1
-1 -1
-1 3740
-1 -1
3071 3518
-1 -1
-1 -1
-1 3046
-1 -1
-1 -1
2940 -1
-1 3268
3106 -1
-1 -1
-1 3585
3534 -1
-1 -1
-1 -1
3199 -1
-1 3124
-1 3208
-1 -1
2855 -1
2931 -1
3420 3452
3710 -1
-1 -1
3225 -1
3973 3650
-1 -1
-1 3660
-1 -1
3054 -1
-1 -1
3386 -1
-1 -1
-1 -1
-1 -1
-1 -1
-1 3301
-1 -1
3260 -1
-1 -1
-1 -1
-1 -1
-1 -1
-1 -1
-1 -1
-1 -1
-1 3059
-1 -1
3819 -1
-1 3815
-1 -1
-1 -1
-1 -1
-1 -1
3498 -1
-1 2848
2930 -1
-1 -1
-1 -1
2949 -1
-1 -1
-1 -1
-1 3727
-1 -1
3998 -1
-1 -1
3950 3440
-1 -1
3963 3715
-1 -1
-1 -1
-1 -1
-1 -1
-1 -1
-1 3981
3958 -1
3129 3558
-1 3467
3072 3027
-1 3829
3811 3220
3334 -1
3832 2971
-1 -1
-1 -1
-1 -1
-1 3439
3153 3565
-1 -1
3797 -1
-1 -1
-1 -1
-1 -1
3384 -1
-1 -1
-1 -1
3524 -1
-1 -1
-1 -1
-1 -1
-1 -1
-1 -1
-1 -1
-1 -1
-1 -1
-1 -1
-1 -1
-1 2997
-1 -1
-1 -1
-1 -1
3313 -1
-1 3561
-1 -1
-1 -1
-1 3247
-1 3036
-1 -1
-1 -1
2909 -1
-1 -1
-1 -1
-1 -1
3610 2938
3165 -1
-1 -1
3438 3492
3602 3928
-1 3445
-1 -1
-1 3833
-1 -1
-1 3359
3396 3479
-1 3159
-1 -1
3018 -1
3303 -1
-1 -1
-1 3875
3944 -1
-1 -1
-1 -1
-1 -1
3231 2975
-1 -1
3689 3178
-1 -1
-1 -1
-1 -1
3549 3902
-1 3162
-1 3248
-1 -1
3834 -1
-1 -1
-1 2988
3729 -1
-1 -1
-1 -1
-1 -1
-1 -1
3193 -1
2974 3338
-1 -1
-1 2973
-1 3659
3332 -1
-1 -1
3964 -1
-1 3029
-1 -1
3181 3164
-1 -1
-1 -1
3360 3728
-1 -1
3965 -1
3331 -1
-1 -1
-1 -1
-1 -1
-1 -1
-1 -1
3379 -1
-1 3143
-1 -1
-1 -1
-1 -1
-1 3296
-1 -1
3601 -1
-1 3205
-1 3230
3711 -1
-1 -1
-1 -1
-1 3191
3025 -1
-1 -1
-1 -1
3063 -1
-1 -1
-1 -1
-1 -1
3266 -1
3168 -1
-1 -1
-1 -1
3560 -1
-1 -1
3224 -1
-1 3793
-1 -1
-1 3256
-1 -1
-1 3235
-1 -1
3312 -1
-1 -1
-1 -1
-1 -1
-1 3655
3441 -1
-1 -1
3218 -1
3931 -1
-1 -1
-1 -1
-1 -1
-1 -1
-1 -1
-1 -1
-1 -1
-1 -1
3703 -1
-1 -1
-1 -1
-1 -1
-1 -1
-1 -1
3712 -1
-1 -1
3482 3263
3264 -1
3122 -1
-1 -1
-1 -1
-1 -1
-1 -1
3087 -1
-1 -1
-1 -1
-1 -1
-1 -1
-1 -1
-1 -1
-1 -1
-1 -1
-1 -1
-1 -1
3112 -1
3909 -1
-1 -1
-1 -1
-1 -1
-1 -1
3515 3280
-1 -1
-1 -1
-1 -1
-1 -1
-1 -1
3921 -1
3911 -1
-1 -1
-1 -1
-1 -1
-1 3210
-1 3096
-1 -1
-1 3147
-1 -1
3595 -1
3229 -1
-1 3943
-1 -1
-1 -1
3594 3978
3321 -1
3720 3825
-1 -1
-1 -1
-1 -1
-1 -1
-1 -1
-1 -1
-1 3357
-1 3217
-1 -1
-1 -1
3174 -1
-1 3240
-1 3190
-1 -1
-1 -1
3542 3785
-1 -1
-1 -1
-1 3355
-1 -1
-1 -1
-1 -1
-1 -1
-1 -1
3141 -1
3547 3537
-1 3679
-1 -1
3300 -1
3261 -1
-1 -1
-1 -1
-1 -1
-1 3346
-1 3789
-1 -1
-1 3494
-1 -1
3956 -1
-1 3134
3270 -1
3200 -1
-1 -1
-1 3233
-1 -1
-1 -1
-1 -1
3228 -1
-1 3611
-1 3693
-1 -1
-1 3288
-1 -1
3520 -1
-1 -1
3988 3903
-1 -1
-1 -1
3318 -1
3857 -1
-1 3654
3501 -1
-1 -1
-1 -1
-1 -1
-1 -1
-1 3287
-1 -1
-1 -1
-1 -1
-1 -1
-1 -1
-1 -1
-1 -1
3483 -1
-1 -1
-1 -1
-1 3752
-1 -1
-1 -1
3969 -1
-1 -1
-1 -1
-1 -1
-1 -1
3707 -1
-1 -1
-1 -1
3327 3741
-1 -1
-1 3369
-1 -1
-1 -1
3328 3687
-1 -1
-1 -1
-1 -1
3462 -1
-1 -1
-1 -1
3769 -1
-1 3816
-1 3345
-1 -1
3490 -1
3616 -1
-1 3761
-1 -1
3676 3835
3459 -1
-1 -1
3901 -1
-1 -1
-1 -1
-1 3221
-1 -1
-1 -1
-1 -1
-1 -1
-1 -1
3734 -1
-1 3873
-1 -1
3473 -1
-1 3523
-1 -1
-1 3878
3533 -1
-1 -1
-1 -1
-1 -1
-1 -1
-1 -1
-1 -1
-1 -1
3415 -1
-1 -1
-1 -1
-1 -1
-1 -1
-1 3342
3388 3363
-1 -1
-1 -1
-1 -1
-1 3827
3624 3629
-1 -1
-1 -1
-1 3812
-1 -1
-1 -1
-1 -1
-1 -1
-1 -1
-1 3543
3641 3392
3882 3984
3294 -1
-1 -1
-1 -1
-1 -1
-1 3259
3596 -1
-1 -1
-1 -1
3854 3792
-1 -1
3383 -1
-1 -1
-1 3262
-1 -1
-1 -1
-1 -1
-1 3528
-1 -1
-1 -1
-1 -1
-1 -1
-1 -1
-1 3457
3448 -1
-1 3923
-1 -1
-1 -1
-1 -1
-1 -1
-1 -1
-1 -1
-1 -1
-1 -1
-1 -1
-1 -1
-1 -1
3977 3912
-1 -1
-1 -1
3809 -1
-1 -1
-1 -1
3719 -1
-1 -1
-1 -1
-1 -1
-1 -1
-1 -1
-1 -1
-1 -1
-1 -1
-1 -1
-1 -1
-1 -1
-1 -1
-1 3385
3538 -1
3697 -1
-1 -1
-1 -1
-1 3308
-1 -1
-1 -1
-1 -1
-1 -1
3356 -1
-1 -1
-1 -1
-1 -1
3879 -1
-1 -1
3806 -1
-1 -1
-1 -1
-1 -1
-1 3622
-1 -1
-1 -1
-1 -1
-1 3868
-1 -1
-1 -1
-1 -1
-1 -1
-1 -1
-1 -1
-1 -1
-1 3364
-1 -1
3925 -1
-1 -1
-1 -1
-1 -1
-1 -1
-1 3763
-1 -1
-1 -1
-1 -1
3778 -1
3953 -1
-1 -1
-1 -1
-1 3527
-1 -1
-1 -1
-1 -1
-1 -1
-1 -1
-1 -1
-1 -1
-1 -1
-1 -1
-1 -1
3620 -1
-1 -1
-1 -1
-1 3881
-1 3525
-1 3522
-1 -1
-1 -1
-1 -1
-1 -1
-1 -1
-1 -1
-1 -1
-1 -1
-1 -1
3917 -1
-1 -1
-1 -1
3721 -1
-1 -1
-1 -1
3898 3427
-1 -1
-1 -1
3407 -1
3942 -1
-1 3830
-1 -1
-1 -1
-1 -1
-1 -1
-1 -1
-1 3672
-1 3700
-1 -1
-1 -1
-1 -1
-1 -1
-1 3455
-1 -1
-1 -1
-1 -1
-1 -1
-1 -1
-1 -1
-1 -1
-1 -1
-1 -1
-1 -1
3636 -1
-1 3725
-1 -1
-1 -1
-1 -1
-1 -1
-1 -1
3599 -1
-1 -1
-1 -1
-1 -1
-1 3856
-1 -1
-1 -1
3765 -1
-1 -1
-1 -1
-1 -1
-1 -1
-1 -1
3666 3680
-1 -1
-1 -1
-1 -1
-1 -1
-1 -1
-1 -1
-1 -1
-1 -1
-1 -1
-1 3796
-1 -1
3566 -1
-1 -1
-1 -1
-1 -1
3684 -1
-1 -1
-1 3932
-1 -1
-1 -1
-1 -1
3442 3846
-1 -1
3458 -1
-1 -1
-1 -1
-1 -1
3450 3531
-1 -1
-1 -1
-1 -1
3929 -1
3637 3759
-1 -1
3748 3787
-1 -1
-1 -1
-1 -1
-1 3495
-1 -1
-1 -1
-1 -1
-1 -1
3701 -1
-1 3699
-1 3623
-1 -1
3742 -1
-1 -1
-1 3574
-1 -1
-1 -1
-1 3714
-1 -1
3717 -1
-1 -1
-1 -1
-1 -1
-1 -1
-1 -1
-1 3491
-1 -1
-1 -1
-1 -1
-1 -1
-1 -1
-1 -1
-1 -1
3851 -1
-1 -1
3766 -1
-1 -1
-1 -1
-1 -1
-1 -1
-1 -1
-1 -1
-1 -1
-1 -1
-1 -1
-1 -1
-1 -1
-1 -1
-1 -1
-1 -1
-1 -1
-1 -1
-1 -1
-1 -1
-1 3813
-1 -1
-1 -1
-1 -1
-1 -1
-1 -1
3756 -1
-1 -1
-1 -1
-1 -1
-1 3899
-1 -1
-1 -1
-1 -1
-1 -1
-1 -1
-1 -1
-1 -1
-1 -1
-1 -1
-1 -1
-1 -1
3781 -1
-1 -1
-1 -1
-1 -1
-1 -1
-1 -1
-1 -1
-1 -1
-1 -1
-1 -1
-1 -1
-1 -1
-1 -1
3633 -1
3584 -1
-1 3784
3744 -1
-1 -1
-1 3577
-1 -1
-1 -1
-1 -1
-1 -1
-1 -1
-1 -1
-1 -1
-1 3937
-1 -1
-1 -1
-1 -1
-1 -1
-1 -1
-1 -1
-1 -1
-1 -1
3837 -1
-1 -1
-1 -1
-1 -1
-1 -1
3598 3820
-1 -1
-1 -1
-1 -1
-1 -1
-1 -1
-1 -1
-1 -1
3799 3730
-1 -1
3772 -1
-1 -1
-1 -1
-1 -1
-1 -1
-1 -1
-1 -1
-1 3914
3780 -1
-1 -1
-1 -1
-1 -1
-1 -1
-1 -1
-1 -1
-1 -1
-1 3904
-1 -1
-1 -1
-1 3608
-1 -1
-1 -1
-1 -1
-1 3997
-1 -1
-1 3664
-1 3866
-1 -1
-1 -1
-1 -1
-1 -1
-1 -1
-1 4000
-1 -1
3776 -1
-1 3999
-1 -1
-1 -1
-1 -1
-1 -1
3822 -1
-1 -1
-1 -1
-1 -1
-1 3794
-1 -1
-1 -1
-1 -1
-1 -1
-1 -1
3983 -1
-1 -1
3746 -1
3653 -1
-1 -1
-1 -1
-1 -1
-1 -1
-1 -1
-1 3864
-1 -1
3814 -1
-1 -1
-1 -1
-1 -1
-1 -1
-1 3991
-1 3836
-1 -1
-1 -1
-1 -1
-1 -1
-1 -1
-1 -1
-1 -1
-1 -1
-1 -1
-1 -1
-1 -1
-1 -1
3893 3872
-1 -1
-1 -1
-1 -1
-1 -1
-1 3743
-1 -1
-1 -1
-1 -1
-1 -1
3926 -1
-1 -1
3824 -1
-1 -1
-1 -1
-1 -1
-1 -1
-1 -1
-1 -1
-1 3750
-1 -1
3705 -1
-1 -1
-1 -1
-1 -1
-1 -1
-1 -1
-1 -1
-1 -1
-1 -1
-1 -1
-1 -1
3887 -1
-1 3843
-1 -1
-1 -1
-1 -1
-1 -1
-1 -1
-1 3905
-1 -1
-1 -1
-1 -1
-1 -1
-1 3773
-1 -1
-1 3768
-1 -1
3755 3800
-1 3860
-1 -1
-1 -1
-1 -1
-1 -1
-1 -1
3970 -1
3782 -1
-1 -1
-1 -1
-1 -1
3840 -1
-1 -1
-1 -1
-1 -1
-1 -1
-1 -1
-1 -1
-1 -1
-1 -1
-1 3916
-1 -1
-1 -1
-1 -1
3976 -1
-1 -1
-1 -1
-1 -1
-1 -1
-1 -1
-1 -1
3807 -1
3757 -1
-1 -1
-1 -1
-1 -1
-1 -1
-1 -1
-1 -1
-1 -1
-1 3919
-1 -1
-1 -1
-1 -1
-1 -1
-1 -1
-1 -1
-1 -1
-1 -1
-1 -1
-1 -1
-1 3803
-1 -1
-1 -1
3975 -1
-1 -1
-1 -1
-1 -1
-1 3791
-1 -1
-1 -1
-1 -1
-1 -1
-1 -1
-1 -1
-1 -1
-1 -1
-1 -1
3889 -1
-1 -1
-1 -1
-1 -1
-1 -1
-1 -1
-1 -1
-1 -1
-1 -1
-1 -1
-1 -1
-1 3870
-1 -1
-1 -1
3849 -1
-1 -1
-1 -1
-1 -1
-1 -1
-1 -1
-1 -1
-1 -1
-1 -1
-1 -1
-1 -1
-1 -1
-1 -1
3915 -1
-1 -1
-1 -1
-1 -1
-1 -1
-1 3818
-1 -1
-1 -1
-1 -1
-1 -1
-1 -1
3930 -1
-1 -1
-1 -1
-1 -1
-1 -1
-1 -1
-1 -1
-1 -1
-1 -1
-1 -1
-1 -1
-1 -1
-1 -1
-1 -1
-1 -1
-1 -1
-1 -1
-1 -1
-1 -1
-1 -1
-1 -1
-1 -1
-1 -1
-1 -1
-1 -1
-1 -1
-1 -1
-1 -1
-1 -1
-1 -1
-1 -1
-1 -1
-1 -1
-1 -1
-1 3954
-1 -1
-1 -1
-1 -1
-1 -1
-1 -1
-1 -1
-1 -1
-1 -1
-1 -1
-1 -1
-1 -1
-1 -1
-1 -1
-1 -1
-1 -1
-1 -1
-1 -1
-1 -1
-1 -1
-1 -1
-1 -1
-1 -1
-1 -1
-1 3907
-1 -1
-1 -1
-1 -1
-1 -1
-1 -1
-1 -1
-1 -1
-1 -1
-1 -1
-1 -1
-1 -1
-1 -1
-1 -1
-1 -1
-1 -1
-1 -1
-1 -1
-1 -1
-1 -1
-1 -1
-1 -1
-1 -1
-1 -1
-1 -1
-1 -1
-1 -1
-1 -1
-1 -1
-1 -1
-1 -1
-1 -1
-1 -1
-1 -1
-1 -1
-1 3996
-1 -1
-1 -1
-1 -1
-1 -1
-1 -1
-1 -1
-1 -1
-1 -1
-1 -1
-1 -1
-1 -1
-1 -1
-1 -1
-1 -1
-1 -1
-1 -1
-1 -1
-1 -1
-1 -1
-1 -1
-1 -1
-1 -1
-1 -1
-1 -1
-1 -1
-1 -1
-1 -1
-1 -1
-1 -1
-1 -1
-1 -1
-1 -1
-1 -1
-1 -1
-1 -1
3982 -1
-1 -1
-1 -1
-1 -1
-1 -1
-1 -1
-1 -1
-1 -1
-1 -1
-1 -1
-1 -1
-1 -1
-1 -1
-1 -1
-1 -1
-1 -1
-1 -1
-1 -1
-1 -1
-1 -1
-1 -1
-1 -1
-1 -1
-1 -1
-1 -1
-1 -1
-1 -1
-1 -1
-1 -1
-1 -1
-1 -1
-1 -1
-1 -1
-1 -1
-1 -1
-1 -1
-1 -1
-1 -1
-1 -1
-1 -1
-1 -1
-1 -1
-1 -1
-1 -1
-1 -1
-1 -1
-1 -1
-1 -1
-1 -1
-1 -1
-1 -1
-1 -1
-1 -1
-1 -1
-1 -1
-1 -1
-1 -1
-1 -1
