6000
3 2
13 5
4 10
6 7
16 11
37 8
9 14
22 58
12 25
375 33
21 31
23 214
29 71
19 15
52 61
18 17
73 36
43 26
20 24
120 42
28 64
39 59
53 27
68 32
56 45
891 48
49 34
30 211
77 35
40 47
110 144
448 83
121 75
38 314
55 131
41 63
652 51
46 69
87 50
65 44
145 184
109 140
86 76
95 237
752 90
276 62
381 129
92 54
112 219
98 1472
132 125
1244 67
117 88
971 4488
66 57
156 202
480 426
-1 60
114 406
3671 79
228 2134
153 115
72 93
137 640
101 258
111 280
1642 97
159 70
355 89
127 74
175 81
152 94
118 178
227 85
108 191
106 80
166 78
261 91
104 556
181 82
-1 3450
84 301
136 275
680 638
344 711
105 204
102 124
193 146
116 272
96 226
1941 99
1766 143
853 147
107 183
1564 103
100 138
141 565
189 756
169 163
931 113
130 493
119 313
795 167
126 195
225 234
444 186
199 149
170 384
151 327
179 222
306 267
174 218
182 160
165 1148
450 123
216 133
215 2076
154 229
122 128
618 1061
893 293
135 308
134 282
142 949
568 203
2361 157
248 587
161 177
277 168
172 232
1049 139
606 413
660 688
150 576
5478 242
388 208
341 349
416 459
445 233
190 260
397 283
148 158
310 291
173 273
155 -1
162 325
4220 176
194 196
206 1008
304 439
-1 250
851 257
-1 212
1378 205
262 2280
541 164
329 188
425 351
-1 317
171 333
185 345
418 3316
268 207
278 749
213 285
192 231
364 581
312 639
217 281
1198 2480
197 380
264 289
741 201
373 3813
1264 434
290 180
187 389
245 266
1630 335
907 247
3285 230
1200 859
279 224
1060 270
315 -1
3277 239
1293 398
200 235
198 346
465 830
220 5315
469 2176
616 1560
1077 321
-1 401
868 359
210 813
363 332
244 322
1537 716
246 209
1099 679
676 298
386 271
761 478
734 223
334 628
435 243
295 263
372 526
548 -1
288 249
251 240
254 507
350 1461
778 360
470 255
629 252
238 651
221 302
765 408
-1 1575
653 296
462 538
1511 287
958 490
637 361
405 420
466 319
2090 500
-1 236
2210 562
674 259
284 256
1110 356
362 241
650 292
1086 379
672 812
529 592
641 573
394 294
353 940
443 320
253 743
701 727
510 451
326 486
887 1369
452 352
1053 -1
407 404
489 3076
-1 670
1527 455
514 2867
690 385
316 402
1173 305
299 269
436 265
1340 558
909 -1
433 307
642 906
370 330
1448 603
358 414
1883 923
1121 942
2594 274
367 5629
-1 939
331 368
454 382
474 297
376 415
303 579
600 286
419 1783
458 1409
1160 -1
-1 663
561 396
989 1436
654 300
328 1333
2977 543
392 371
318 3303
627 5022
417 768
2140 511
311 427
1117 536
383 492
497 412
342 336
-1 522
571 -1
1872 1352
908 337
354 519
634 821
338 2652
2212 309
943 1795
390 323
782 324
635 1342
365 1463
3088 1307
457 1277
534 784
1162 -1
472 736
1227 343
523 422
432 842
708 655
1002 423
624 1797
661 2233
339 1153
1858 2567
551 1471
-1 -1
623 3060
377 -1
399 378
774 2607
491 340
1236 1131
467 691
4807 535
2259 347
767 -1
1479 -1
2318 428
437 357
530 620
3521 441
849 527
-1 366
2073 1220
607 1801
348 1084
374 575
-1 460
1205 403
440 391
369 1785
488 1217
591 745
671 709
696 5565
464 601
393 449
615 3117
869 411
740 431
1716 430
979 494
518 -1
468 1007
2925 -1
2568 1030
1427 1456
1150 -1
482 512
496 5043
-1 495
-1 442
800 421
742 824
580 785
-1 3362
531 505
2724 744
974 930
395 5649
1936 633
1337 658
723 1032
547 387
-1 3378
400 -1
506 504
980 703
542 665
1072 598
546 487
1441 963
3061 796
-1 463
517 513
3602 625
-1 649
994 1536
1389 409
410 -1
1058 792
1665 1078
1360 883
733 429
2220 471
563 686
822 515
3172 1246
461 424
1050 896
1233 456
-1 446
1336 4803
1183 2408
728 836
-1 -1
584 498
976 694
544 1044
2677 773
564 788
1185 1017
899 540
516 476
570 559
1422 1172
673 1223
537 577
1028 985
1263 477
1649 447
928 553
656 503
621 2192
483 438
475 590
1235 689
583 2448
886 596
4542 521
525 602
1199 3366
566 645
772 555
3002 852
855 453
-1 593
532 501
3895 681
993 1207
2547 702
1156 2786
499 3434
473 1667
983 707
1024 631
662 502
1124 929
485 479
1163 1670
823 1979
1291 509
866 -1
1022 2108
1068 -1
753 605
2433 -1
484 724
719 3568
775 965
560 1720
574 1213
612 2222
809 567
3995 528
3754 798
508 1036
2258 549
747 481
-1 2437
915 524
1762 -1
520 2119
3069 924
2046 890
3221 3643
1411 578
705 1393
569 1842
5792 841
1009 925
2729 693
748 2371
1253 3039
-1 803
557 1719
889 533
2065 582
914 1167
2219 819
777 720
831 585
781 871
554 2633
1101 617
1324 684
1245 763
4643 1247
1837 622
1765 -1
-1 -1
1252 682
1970 2234
-1 692
552 807
613 539
755 1076
1279 787
811 1963
5156 857
611 659
2083 904
718 610
1285 545
2476 1733
595 2004
2380 706
1209 838
729 5874
1057 685
726 1792
-1 2882
589 1394
1397 1817
1052 1750
999 839
2144 594
820 950
1426 1519
599 837
843 790
1919 550
1092 698
1328 944
867 861
1168 1374
1401 952
-1 1836
-1 572
735 721
828 588
5821 4159
2899 1833
762 5782
604 962
1452 597
738 3444
2152 683
2052 1319
619 609
935 668
1671 4060
1553 669
614 2110
1010 1993
766 1138
1619 -1
-1 664
717 750
-1 -1
1972 647
-1 2493
731 697
1361 1660
1846 1031
884 586
789 3610
5155 1444
1206 1045
816 2364
-1 1083
1392 3772
1855 1728
2386 783
1623 632
1704 2416
1225 1480
-1 666
780 4377
2702 854
1676 710
1066 905
626 4333
-1 1962
1311 648
1023 941
874 814
630 -1
644 732
-1 1542
722 880
4549 875
1986 3220
678 1189
3863 1791
1535 608
1429 3296
879 646
1048 1027
2062 2347
1325 1080
1014 2370
-1 1466
1286 -1
737 927
921 873
636 687
2656 797
-1 -1
2455 712
919 1601
1305 695
5237 779
700 4336
4047 1231
1572 2022
643 1821
833 1266
4354 786
902 1011
4267 3331
5554 677
4441 1689
1723 992
1218 1038
2911 1309
-1 856
1682 2687
3315 804
2619 844
3938 2621
1261 657
1718 3708
-1 2207
4491 827
835 2170
900 1889
5886 1151
1651 -1
-1 667
959 982
1626 675
1774 713
922 4161
1443 1103
947 -1
1873 5681
2252 758
791 2358
-1 1814
1627 2029
3880 3804
1603 876
888 2284
2041 1125
1237 760
5142 1122
-1 3323
895 817
1081 1636
1399 1161
-1 968
1256 699
1089 1106
1071 1230
-1 1351
865 872
945 -1
-1 1800
759 2585
1571 1240
863 951
757 4201
1145 1100
805 913
-1 -1
4766 -1
1541 2097
751 -1
1493 847
881 -1
808 1176
1278 3485
882 793
1113 754
1341 -1
2655 704
3941 2726
1648 -1
-1 730
2383 2604
1243 1003
1290 1947
1321 1208
715 714
810 1316
901 964
957 1191
3695 956
917 -1
2609 799
1001 2431
1006 739
970 2111
2256 770
1730 -1
2733 1492
4221 4045
912 1975
1582 1166
4207 4990
978 1581
725 834
3252 846
2798 764
1232 1605
-1 2801
1054 -1
1034 2850
2914 1258
1147 2040
2774 1543
3250 870
832 1938
910 1042
2203 818
1419 2765
-1 972
746 981
998 829
1093 815
2532 864
1126 850
1295 769
1012 894
1056 794
-1 1037
955 1204
1567 776
-1 2009
802 -1
-1 3003
-1 771
936 -1
2237 4020
1087 3276
4986 1123
-1 -1
1091 3862
2450 3385
1118 840
1518 1835
-1 2302
1315 1021
1366 -1
1179 1020
1489 1965
-1 4022
1130 862
2272 1813
5519 1384
926 -1
-1 806
987 -1
1040 2412
2019 1434
1476 1135
1096 -1
1377 858
4442 960
-1 1301
3942 826
1180 2684
953 2943
2006 1357
3548 -1
2374 -1
860 1345
1652 1445
-1 -1
-1 1255
1250 -1
801 2993
1523 -1
2145 -1
4399 -1
-1 973
946 1533
1469 1634
1771 920
2070 1114
3345 897
-1 1515
825 911
4922 1721
4038 991
1915 1116
1297 1588
2522 1260
2195 3158
1557 1229
2405 1451
1866 1095
1158 1105
1073 2045
3324 1606
1431 -1
1566 1108
1312 1844
898 1391
878 1177
1016 1781
-1 5061
1344 1778
1140 -1
990 1059
977 5194
1065 845
1713 1920
3269 2601
2202 -1
2494 -1
932 1259
1079 -1
2552 2033
848 2184
1202 1368
885 2593
2706 5078
1796 -1
1055 4434
1498 -1
-1 937
4861 -1
1613 1248
4086 1578
-1 2012
1026 1141
-1 1306
1462 986
1809 988
2197 5201
1416 -1
1960 1918
2334 2308
2243 1271
1505 1097
1841 -1
-1 1616
2365 1702
877 3174
-1 954
1684 1267
1745 3079
2506 3940
-1 -1
1249 3043
2059 1430
1192 1051
-1 2962
1579 2429
2477 1214
1094 1734
2699 4911
-1 1335
938 -1
892 2382
2372 1241
2773 1592
1952 1470
1385 1577
4786 948
1777 1450
4032 1348
3625 1088
1396 4590
3591 1595
3412 934
903 1586
4720 1210
2406 1688
1934 1090
4099 916
2180 3376
995 1966
1015 4960
1532 2043
-1 961
966 1555
1018 4046
2979 -1
1165 1743
1550 1398
1739 1134
2274 1653
-1 1137
2787 1112
1365 1420
1818 967
1149 -1
1421 933
1035 1806
-1 3536
-1 2396
3473 -1
1282 918
1228 2181
5210 -1
3849 1881
1224 4223
1019 1933
2588 1046
5994 2034
-1 2276
1685 2174
1772 2920
3944 1787
4710 1039
2138 3890
4821 1911
2262 3421
2875 1164
1776 2750
1129 1182
2848 -1
-1 1157
4758 -1
3997 1955
3783 1136
3472 1696
4453 1067
1491 1226
2709 3110
-1 1041
1395 1464
1423 1569
1098 2199
1146 1174
1280 984
3910 1455
1302 3382
-1 1510
-1 1483
1005 -1
2851 1000
1565 1992
969 1722
3668 1075
5525 -1
1025 3512
997 1453
1939 1363
1954 1930
2785 1935
-1 1064
1614 3234
2038 3680
3437 1417
1132 1570
2082 1069
1524 1265
1062 975
1013 -1
2026 1292
2401 1184
2112 1212
1349 -1
3024 996
4271 1273
3508 1449
1751 -1
2053 1029
1779 1193
1496 1987
-1 1442
1760 1238
2124 1746
-1 -1
3231 2121
2531 2629
1219 1725
1142 1559
1004 2577
1573 1070
3184 1115
-1 2020
1329 1181
2086 1169
1617 1043
2499 1928
-1 1362
1133 2584
2833 3896
2275 5767
2283 1486
1861 3013
1641 -1
3664 1104
1428 1968
1691 1888
1974 3885
1268 1404
1973 1995
4181 4693
1530 2105
-1 1120
1190 -1
-1 2131
1107 1347
2160 2260
2037 1269
1033 5724
1047 3402
1195 -1
1211 1262
1143 1197
3987 -1
1314 5674
1355 1403
1447 1805
3140 1159
5360 1318
1359 1322
-1 -1
1596 2435
5002 1154
5846 1546
1657 -1
1102 1712
1119 1620
1063 -1
2003 3155
-1 2471
1074 4286
-1 2142
2791 1144
1556 1283
2393 2924
-1 5051
-1 1370
-1 -1
2099 1808
-1 1629
1668 1304
2413 2329
-1 2387
2407 1085
4501 1354
4042 2696
3196 2035
1175 2768
2095 3314
1654 2007
1128 4505
-1 2113
-1 2988
1381 4997
2157 3852
1458 1082
2123 2377
1284 1317
1514 1308
1467 1356
5639 2136
-1 2133
-1 1853
1109 1680
1529 1350
2668 2555
3044 3597
1495 1583
1438 1724
2467 1274
-1 4019
1376 -1
1980 1111
2125 1171
1203 1139
1526 2298
2056 5336
1711 5901
1740 1152
-1 2303
4326 3336
-1 1633
1701 4672
1621 2306
5322 2651
2158 -1
2093 2246
1221 -1
1547 -1
2088 -1
1645 3756
1554 3326
1196 -1
1418 1313
2127 5126
2569 -1
2320 2367
1468 1373
3223 -1
-1 1410
1843 1194
-1 -1
2849 -1
-1 1819
1327 1127
-1 1222
-1 2268
2821 1339
2215 2368
1170 2214
-1 2352
4284 -1
1287 1878
-1 2468
2624 3614
1270 1296
-1 1971
1405 1155
1364 1433
-1 1503
5037 -1
2356 1353
1540 2421
4994 1852
3712 3669
2707 2049
1390 1497
-1 1424
4412 2321
1509 2829
1242 2126
1697 3253
1552 3439
5942 2253
-1 1372
3089 1299
2287 -1
2342 5251
1891 1186
-1 1946
-1 4116
4388 1178
3337 1749
4999 2865
1892 2972
-1 1215
3239 -1
2163 4414
2335 4940
-1 1188
-1 -1
-1 1656
2711 1275
3739 2196
2261 1216
1901 4516
1187 -1
2772 2602
1475 1239
1602 1748
2147 2418
3588 1272
1551 1703
-1 2888
-1 -1
1281 2399
5512 3104
1735 -1
2397 1201
2558 5005
-1 1517
1457 1382
1964 -1
1828 2187
2638 2955
-1 -1
-1 2248
2705 1425
1738 2392
1330 2825
-1 -1
1323 1662
1400 -1
2362 -1
1893 2958
3748 -1
5408 1406
4600 1303
2947 1673
1663 2289
4027 1358
4253 1798
4243 -1
1388 4633
1726 -1
1521 -1
1707 1870
1310 -1
1961 2918
1490 -1
3675 1755
1257 1254
3604 1609
3992 2239
2081 4028
4206 2783
3490 1408
1234 2235
5348 1331
5936 -1
-1 2808
1790 1439
1332 1473
1386 1631
1412 4073
-1 1481
1326 -1
1294 5174
2533 5250
2967 1611
1727 2346
-1 1499
1508 4793
-1 1454
2109 -1
4063 -1
-1 4373
1847 1346
3014 -1
2734 2224
4871 1784
1655 2447
1289 -1
-1 2047
4165 1251
2486 -1
-1 1276
5238 2008
3688 1864
-1 -1
1288 2934
1402 -1
-1 2209
-1 1375
1435 1300
4162 -1
-1 -1
2388 1608
1591 1914
5968 -1
1899 -1
-1 1488
-1 -1
1793 -1
2277 3298
2747 1494
2541 1666
1477 4609
2560 -1
3571 2853
-1 1380
3961 -1
1747 1589
2103 -1
4494 1485
2764 2143
2697 1742
1699 2603
1298 3495
1338 -1
1832 -1
3012 -1
1367 1516
2153 4945
5407 -1
1664 -1
-1 1549
2355 1343
-1 -1
1334 3884
2032 1568
2606 1513
1590 1459
1931 4581
1769 1632
-1 4782
1659 3827
2403 -1
1715 -1
1440 1512
-1 1432
1478 1989
4212 1531
1502 5956
-1 2051
1674 3644
2087 -1
-1 -1
1415 4721
2744 1708
4469 1320
1876 -1
2973 1867
3462 -1
3348 4552
2005 5750
5417 1576
5378 5947
2001 -1
-1 3977
-1 2521
1978 1574
1525 1794
-1 -1
-1 1604
1823 -1
1539 4522
1683 -1
2690 2016
5534 3526
1482 -1
-1 1414
1877 3848
1598 3465
2589 -1
4138 -1
2291 -1
1628 -1
-1 -1
1803 3574
-1 -1
1599 2777
1580 2101
3203 1759
4251 3733
1413 2639
3585 -1
1647 1816
2439 -1
1437 2345
1371 -1
3017 1465
5369 1729
2708 1736
2042 -1
-1 1802
-1 -1
1504 1379
2149 2826
1789 3070
-1 1383
3026 1528
2623 3564
-1 -1
2328 3075
1826 5892
3469 -1
4858 1692
-1 4269
-1 -1
1640 4980
-1 -1
1758 3358
-1 1563
1501 1407
3210 1387
2743 1534
3556 1522
1584 -1
1859 4263
-1 3466
-1 2839
3810 -1
2312 2254
1622 5290
-1 2314
3289 -1
1886 1937
1854 2232
2150 2336
-1 2908
3165 1681
4529 1924
2225 4264
-1 1520
2198 3619
2333 -1
1612 -1
1507 3004
-1 1474
2238 1460
-1 4483
-1 1909
1639 1487
1874 1948
3970 4490
2116 2310
3918 -1
2788 4089
-1 3912
1658 4194
2130 -1
1894 3677
1687 4145
3091 2159
1500 1839
1615 1863
1906 2931
1675 2933
3467 2340
-1 3661
5591 2662
1506 2092
1446 3036
3552 2417
3691 2596
2442 2960
1810 2444
-1 -1
-1 1694
1871 -1
-1 5474
1637 4218
4429 3259
3705 5168
1646 1752
3392 2422
2583 5095
-1 3071
2730 1597
-1 1544
2171 2311
-1 1910
3321 2837
4705 2013
2066 3115
2716 -1
5319 -1
3280 1890
2068 5537
2178 -1
-1 -1
3923 5324
1822 1840
-1 1942
1545 -1
-1 2660
-1 2102
1896 -1
-1 -1
4572 -1
-1 5012
1709 -1
3339 2014
1548 3308
-1 -1
3903 4041
-1 -1
1706 5664
-1 1788
3945 2175
2323 2278
2885 1885
3658 3015
1669 4985
2011 1484
3084 -1
3447 1977
3149 -1
3575 2120
5108 1945
-1 2094
2443 2434
-1 1561
4025 1693
3347 4119
-1 1820
1690 1849
4599 -1
4241 1982
3520 -1
1753 1860
2987 1887
4182 -1
2649 3547
-1 -1
3142 -1
2039 1558
1618 2366
1710 2457
-1 -1
1958 1732
1562 -1
3525 5660
2738 2079
-1 3236
4851 1782
1951 -1
-1 2740
4452 2021
1862 2151
4372 3533
3818 3616
4756 1643
2563 1538
2194 1625
2055 1698
-1 1695
4458 -1
2519 5759
-1 -1
-1 -1
-1 4462
-1 3933
-1 -1
3408 5098
-1 4111
-1 1913
2343 4026
1848 -1
3095 3371
1770 2205
-1 -1
4013 2479
1921 -1
-1 2543
4062 1775
-1 1700
1610 1679
2530 -1
2141 2653
-1 -1
1900 -1
2107 1959
3780 3361
1741 3167
2301 1838
1988 5826
1786 4459
-1 1705
-1 -1
2469 3111
-1 1744
2509 2897
2664 -1
4104 2072
2263 1587
2501 -1
2812 1757
-1 -1
-1 -1
-1 2240
-1 1677
1594 1949
3635 1585
2290 2091
2089 3581
-1 2520
1804 4831
1908 2665
-1 2369
-1 -1
1593 -1
2573 3206
4759 1661
1976 1824
-1 2995
-1 2576
3109 3859
1672 1600
1607 1635
4515 5045
2715 1998
3723 -1
4741 3907
-1 2508
-1 2976
3719 2168
3601 -1
2316 -1
2186 -1
-1 -1
2870 2903
1925 2156
2309 1624
5559 2470
-1 1638
5740 1897
2146 2381
-1 5446
4697 -1
5803 3065
1845 -1
1950 2025
1763 2128
-1 2600
2024 3838
1879 3170
-1 4450
4848 2162
2869 4724
2183 2983
5434 -1
5380 -1
2307 5524
1678 2617
3594 -1
1912 2115
2061 4876
1825 2650
1650 -1
1644 -1
2132 5335
3141 5056
2167 -1
2572 -1
3093 3414
-1 -1
2737 3187
2322 2031
-1 -1
2488 1869
-1 3272
-1 -1
-1 2135
-1 2645
-1 -1
-1 2330
2693 3869
3263 2063
2058 1812
2873 3119
2169 -1
4563 3125
-1 -1
1773 3248
3151 1686
2458 3317
-1 -1
1731 -1
1754 2331
-1 1880
1999 2074
5102 -1
1780 1932
1857 -1
4404 3194
4023 3288
1884 -1
3745 2635
3261 2204
-1 -1
3001 5937
2378 1714
-1 -1
-1 -1
3295 4730
2395 2686
-1 2446
2714 3267
5589 5116
1957 3195
-1 4430
1764 2027
2173 5334
3137 -1
2631 -1
2769 2305
1737 1717
2748 5617
-1 -1
2901 2129
-1 5208
4791 2857
2177 5624
2201 5111
3561 -1
-1 1902
1994 3301
4466 -1
-1 1916
-1 1985
5252 -1
2523 1799
-1 -1
3549 2218
5746 3162
2242 3204
2245 4774
2353 -1
2806 1761
-1 4476
2148 -1
-1 2048
2122 1807
-1 2871
-1 3773
-1 1868
2257 3612
1756 3962
1940 -1
-1 4034
4436 4362
5907 -1
2236 3541
2949 3700
3507 2456
2279 -1
4592 5608
2384 1829
-1 2398
-1 -1
5777 4695
-1 -1
3740 3713
2637 2618
1831 4112
3958 2605
3627 -1
3518 -1
-1 3494
-1 -1
2763 -1
3059 3281
-1 -1
-1 4667
-1 -1
4096 -1
-1 3405
1768 -1
2502 2928
2071 -1
4657 2427
3931 -1
2761 1990
3353 1834
1767 -1
3500 3442
-1 2030
3351 3332
2067 -1
4141 1898
-1 1926
3042 3431
2461 3191
1850 -1
4665 1923
1830 -1
3706 5418
3340 2672
3593 1984
4569 4946
2694 -1
-1 -1
-1 2118
-1 -1
3900 3762
-1 -1
3185 3202
2179 -1
1967 2432
2227 -1
2759 4879
2926 -1
-1 2304
4816 4645
2503 2231
-1 -1
3118 5357
2104 -1
2498 2324
-1 -1
1983 2614
-1 -1
2462 3299
1969 2622
2766 2526
2643 4198
-1 1827
3235 4003
-1 3769
1856 -1
-1 2251
2551 3138
3282 2057
-1 -1
5183 -1
1811 2561
1927 2663
5595 -1
3441 2036
-1 4824
1815 -1
4297 3422
-1 3073
-1 2319
-1 1907
3092 5240
-1 4801
-1 -1
5312 -1
5718 -1
-1 -1
1882 3771
3293 2497
3587 2010
-1 1875
1851 -1
3605 2722
-1 2893
-1 2997
-1 4769
3148 -1
-1 2505
3244 3271
1996 -1
4762 2376
2784 3219
3009 -1
2270 4113
2402 2587
5710 2578
3363 -1
2267 2658
2484 2636
2581 -1
-1 5941
5123 2226
-1 -1
1865 2018
-1 2247
-1 5279
5770 3725
2206 2216
3926 2077
5188 -1
3971 1895
2315 3047
-1 4338
4733 -1
-1 -1
-1 2350
2590 2265
4864 2827
-1 -1
-1 -1
-1 -1
3554 2482
3086 -1
3409 2085
1903 -1
-1 2620
-1 -1
2438 2337
2512 3927
3592 3108
-1 2491
2840 -1
2420 -1
4363 -1
1904 1905
-1 1943
3146 3734
-1 1922
-1 4444
-1 2792
1917 -1
-1 3030
4229 4011
2478 2185
2679 4907
2299 5141
-1 2191
2648 2357
3452 2595
2064 3528
-1 -1
-1 5562
2452 4655
-1 1956
-1 3032
4115 2292
4259 -1
-1 4225
5708 5536
-1 -1
4983 5779
-1 2984
-1 2182
-1 -1
2044 4526
4624 -1
3068 5510
-1 3216
5066 -1
-1 2286
-1 4974
1929 2075
4275 5009
-1 5523
2723 4934
2106 -1
2223 2354
2096 2190
1944 -1
4101 -1
2015 5382
-1 3163
1953 2249
-1 -1
3213 2424
4455 2390
3190 2592
2564 4234
2360 -1
2117 5225
5758 4064
2084 3519
2854 5371
5594 -1
2868 3365
3230 2627
-1 4472
3367 1991
2100 2317
5659 -1
2666 2339
2028 -1
2002 -1
-1 3260
-1 -1
3098 -1
5838 2023
3310 2998
2454 2718
3357 2758
2200 -1
3349 2000
2017 3649
2811 3522
3052 3648
2991 -1
2500 3127
4630 4790
5040 2751
3297 4512
5789 3538
2570 2139
1997 -1
2282 2385
-1 -1
-1 -1
2712 -1
2189 4735
4391 2069
-1 -1
3608 2597
5929 3455
4703 -1
3805 -1
3006 3499
-1 2295
3313 2060
2078 4310
3953 3275
-1 1981
-1 3841
-1 5911
2970 5203
2877 -1
-1 -1
-1 -1
2255 -1
2688 2681
3924 3233
5231 3344
-1 5276
-1 -1
-1 -1
2490 3853
2114 2626
2273 2981
-1 3847
-1 -1
2514 2518
-1 5682
-1 2510
5213 -1
-1 3066
4237 3468
3157 2313
3180 3273
-1 3398
4195 -1
4199 -1
-1 2440
2373 5257
3350 -1
2485 -1
2054 -1
2050 3569
3103 4471
2080 -1
2297 -1
2524 -1
2591 -1
4996 2155
-1 3516
-1 4149
5600 5755
2154 2188
-1 3413
2389 5919
-1 -1
-1 -1
-1 4408
-1 2466
-1 2229
2445 3083
3717 5011
-1 2137
2634 3136
-1 -1
-1 -1
4587 2419
-1 -1
4486 -1
4886 -1
4553 4425
2704 2814
2217 -1
2300 -1
-1 3322
2213 2879
5581 2760
2546 2731
-1 5077
-1 -1
2165 -1
-1 2164
4978 4014
5055 -1
-1 3782
-1 4628
-1 -1
-1 3753
3152 -1
-1 2951
-1 -1
-1 3290
2341 2208
-1 2675
3000 -1
2940 -1
-1 5685
4574 5301
2332 4361
5235 -1
2326 2472
4547 4076
-1 5182
-1 2465
3595 5010
2802 4340
-1 -1
2425 -1
-1 2545
3583 -1
3925 3150
5557 -1
2767 -1
-1 2835
4268 -1
2659 -1
-1 -1
-1 2166
-1 -1
2800 5431
-1 5820
2098 -1
2228 -1
4664 3845
4256 3113
2654 2511
-1 -1
-1 3010
2327 2535
2394 4185
-1 3270
4506 2428
-1 4078
4618 4164
3102 2632
-1 4053
2294 -1
2896 2436
-1 2739
-1 2952
-1 2907
3181 -1
2230 2221
-1 3836
-1 -1
3976 2460
-1 2809
-1 2296
4292 -1
-1 2489
2474 -1
-1 -1
2211 -1
3156 -1
-1 -1
3718 5646
2266 5170
3078 3031
3209 3653
2496 2250
2293 4612
2264 2817
5814 2172
2946 -1
2642 -1
2852 -1
2565 5883
-1 2410
5498 2338
2495 2703
-1 2615
-1 -1
5619 3159
2349 5263
4252 -1
3212 -1
-1 2644
4432 -1
2414 3265
-1 2391
2986 3765
-1 -1
2161 2823
4247 3168
-1 -1
3016 -1
-1 2795
-1 4540
4126 3979
5861 -1
3731 -1
3242 2725
3874 -1
-1 -1
3693 -1
-1 2770
-1 4537
2363 3100
2954 3922
2890 -1
2271 -1
2612 2449
3411 2426
2241 -1
-1 -1
-1 2782
-1 3807
-1 4732
2400 -1
-1 2695
-1 -1
2682 4925
-1 4401
3514 5234
-1 -1
2755 2351
4521 5586
4538 -1
3851 3097
-1 2193
5651 -1
-1 2828
3641 -1
3999 2579
5760 -1
-1 3222
2913 -1
4197 -1
-1 2544
-1 3198
2515 2409
2463 2549
3527 2244
-1 2992
-1 -1
4642 -1
3072 -1
5462 -1
3590 2842
4397 4473
3284 4044
-1 3144
3513 -1
-1 2959
-1 4304
3990 2540
2898 3947
4931 -1
3919 2974
4822 -1
3302 -1
3657 -1
-1 -1
-1 2822
2608 -1
3008 -1
-1 -1
-1 3761
-1 2794
3710 -1
-1 -1
-1 -1
4534 3379
2746 4352
-1 -1
-1 3543
-1 -1
-1 -1
4172 -1
-1 2710
3828 -1
2909 2475
2990 -1
3251 4815
3019 -1
-1 -1
5139 -1
5186 3166
-1 2797
-1 -1
4901 2288
-1 -1
2719 -1
3309 -1
-1 4794
2816 2415
-1 -1
5866 2375
4287 2525
-1 -1
2492 2269
-1 -1
2599 2516
2691 2538
2281 4392
2285 5613
3046 2513
-1 4061
5632 2889
2411 2616
2534 2464
-1 -1
5888 5815
-1 -1
2813 2749
4523 3683
5463 2878
3968 -1
-1 5192
4566 -1
-1 2566
3164 -1
5440 3128
2379 -1
-1 -1
-1 -1
3338 3809
-1 -1
2780 5373
2344 2881
2554 3200
3133 5038
-1 4249
4464 3562
3724 -1
-1 5828
-1 5910
-1 3053
5812 2683
3493 3394
3483 2453
-1 -1
2430 3690
3355 2359
-1 2459
3460 5166
5453 4470
2910 2647
3544 -1
-1 -1
2556 3120
-1 2553
-1 -1
4806 5514
2571 -1
-1 3676
2325 -1
2504 -1
2404 3354
4846 5831
-1 2610
2741 4745
-1 2348
3327 -1
-1 3173
2423 2689
-1 4680
5471 3892
5048 5808
3330 -1
-1 -1
-1 2717
3048 2742
5935 3586
-1 2527
4367 3839
-1 3939
4301 5452
4617 -1
2685 -1
-1 3453
3679 3393
-1 -1
2863 2507
-1 2441
-1 -1
4481 2917
3415 -1
2860 3028
2680 2776
5627 3307
4961 3283
-1 3856
4422 2483
3266 -1
-1 -1
4715 3482
4379 4588
-1 4764
5679 -1
3147 5069
-1 -1
4110 -1
2671 3143
-1 3319
4601 -1
3247 -1
4008 -1
-1 3080
-1 -1
2966 3208
-1 2559
2938 2451
2481 3672
-1 -1
-1 5449
3876 4932
-1 -1
2575 2674
3559 4088
-1 2640
5858 3730
-1 4132
3998 2473
3199 2745
2736 -1
3457 -1
3055 -1
-1 -1
5544 3497
4775 2965
4909 3396
-1 3182
-1 2698
-1 5800
5948 3609
-1 -1
2611 -1
-1 -1
2487 3539
5283 -1
3081 2536
4385 -1
3877 3318
-1 -1
4120 -1
3258 3954
3956 5034
-1 2883
-1 2950
3096 2752
-1 2834
5241 4004
4737 2982
2539 3333
4548 2975
2796 3883
-1 2916
-1 -1
-1 2810
-1 -1
4903 -1
-1 4873
5949 -1
2550 -1
4583 3523
2673 -1
-1 3063
2557 -1
-1 2846
-1 3311
5955 3759
3229 -1
-1 2864
-1 -1
2517 -1
-1 -1
3018 3121
-1 3370
3802 4663
-1 5432
4435 4819
3391 -1
-1 -1
3432 -1
5401 3116
4222 2820
2528 4166
2529 -1
-1 5024
2935 -1
-1 4796
4519 3698
3021 3741
2874 2628
-1 -1
-1 3193
3274 4423
2789 -1
-1 -1
-1 -1
3565 3788
-1 2613
-1 -1
-1 2537
-1 3606
5607 3368
5938 -1
5566 4728
-1 4804
3175 -1
3867 2876
2781 4887
2753 -1
3328 5574
3246 3188
3812 -1
4723 4320
5122 4744
-1 3364
2692 2586
5765 3887
4040 5330
-1 -1
-1 4533
2625 -1
-1 3404
4156 4668
-1 -1
2859 -1
4151 2542
-1 2941
4543 3781
-1 3101
-1 3854
5014 2936
2819 -1
4043 3085
3373 3201
-1 -1
4029 -1
-1 -1
3449 -1
-1 2582
2574 2980
2756 3982
-1 -1
4902 -1
-1 4311
3192 -1
2858 3735
4915 3964
4184 3815
4829 4439
2562 2939
4625 -1
2670 3573
2930 2598
2762 3423
-1 3417
2894 2657
4346 -1
2676 -1
-1 4493
3667 -1
2646 4202
4077 2728
-1 2948
-1 2700
2915 2836
-1 3425
-1 4081
-1 3224
2630 2838
5916 5256
-1 2779
3628 -1
3067 3840
5545 -1
5599 -1
5246 -1
3054 5350
3341 2548
-1 -1
-1 4248
-1 -1
-1 -1
2937 -1
3306 -1
3228 -1
-1 3189
5701 -1
3791 3207
2580 -1
-1 3215
3785 -1
-1 -1
-1 4021
-1 -1
2996 3511
-1 2932
3352 3027
3715 4878
4290 -1
-1 4087
3837 -1
2905 3387
-1 3902
3777 2641
3176 3335
4150 -1
4727 -1
2667 3429
4551 -1
4415 -1
3778 3868
-1 -1
3646 -1
-1 -1
-1 -1
-1 3758
5698 3689
3989 -1
3035 4559
5958 -1
5487 4841
5284 -1
-1 4074
3872 2945
-1 3007
4122 4321
-1 -1
4927 2793
2999 -1
-1 -1
2669 5249
3886 5673
3630 -1
-1 -1
3763 2832
4825 5641
-1 -1
5515 -1
2895 -1
-1 3057
-1 5120
3129 3531
2900 -1
-1 2944
4360 -1
-1 5827
-1 2886
4109 -1
5891 4317
-1 2906
4018 5976
4400 3577
3686 2678
3132 -1
-1 -1
3994 -1
-1 -1
4242 -1
-1 3135
4000 -1
-1 -1
2919 4591
-1 3245
3530 3037
5349 2963
3077 3484
-1 5152
3418 -1
-1 -1
2887 2735
3029 4627
-1 -1
3256 -1
-1 2661
3386 -1
3817 3161
-1 -1
3579 -1
4394 2721
2701 -1
-1 3360
5032 3532
-1 -1
5300 4158
3584 -1
-1 4943
2799 5130
3980 -1
5376 -1
3122 -1
2790 -1
3094 5054
3346 -1
2892 -1
-1 -1
-1 4306
2732 4853
4180 -1
3546 4239
5747 2978
3205 -1
-1 -1
-1 -1
2778 2804
-1 5110
-1 2843
2847 5125
-1 2855
2713 -1
-1 -1
-1 -1
4691 3254
-1 -1
3720 -1
2929 3395
-1 -1
-1 3446
5207 4843
4125 3722
4650 -1
-1 3808
-1 3599
-1 2757
3943 5000
-1 -1
-1 4465
-1 3603
5535 2880
3287 3056
-1 3064
2720 3786
-1 4355
-1 2754
3420 -1
3049 2771
4168 3503
4654 4616
4118 -1
4589 3727
4142 3829
3454 2912
-1 5655
5354 2727
2841 4067
3787 3996
4893 3424
3470 -1
-1 5964
2891 -1
-1 4813
-1 5616
3613 -1
5101 3553
-1 -1
2815 -1
4908 -1
2994 -1
5809 5802
-1 3443
-1 -1
-1 4369
-1 3929
-1 3656
4752 3557
3833 5224
4010 -1
3487 2884
3879 -1
2807 -1
-1 3329
5926 3844
-1 -1
2861 3139
-1 4001
-1 -1
-1 -1
3458 -1
-1 -1
-1 3906
4148 2971
5384 -1
4921 -1
-1 4862
-1 -1
5560 4224
2830 3051
4865 3464
-1 4789
3257 2803
-1 3130
5304 4328
3799 -1
-1 3105
-1 4604
3582 -1
2964 -1
2805 -1
4364 3652
3169 3040
-1 -1
3320 4554
3232 2775
-1 4351
3949 -1
-1 -1
3638 -1
2902 3716
3005 -1
-1 4002
5132 -1
4098 3830
3632 2961
-1 3600
4463 4006
-1 -1
3655 5236
3662 -1
-1 3342
-1 -1
3179 4889
-1 5389
2844 2921
4837 4856
3380 4280
3359 2923
-1 3477
5343 -1
-1 2818
-1 4179
-1 3502
-1 3145
3871 -1
5112 -1
4376 4541
-1 3106
4255 3823
4913 -1
4102 -1
5859 3515
-1 3227
4100 -1
5959 -1
4545 5822
4652 2824
-1 -1
-1 5293
3389 3960
3617 -1
2866 -1
3074 2831
5469 -1
-1 5675
5039 5145
3153 4517
-1 4277
-1 -1
2856 -1
3241 4084
-1 -1
-1 -1
4293 5267
5877 -1
-1 5564
-1 -1
2872 -1
-1 -1
3665 -1
-1 3099
-1 5923
-1 5778
-1 3240
-1 5100
4416 -1
-1 2845
5087 3774
-1 5346
-1 2968
-1 -1
3660 -1
-1 2862
-1 3325
3481 3640
3186 5739
-1 -1
-1 -1
5609 4525
-1 3463
3062 -1
5622 3498
-1 5960
3134 3217
-1 5990
3090 -1
-1 3356
3087 -1
2922 5786
-1 2942
-1 -1
3864 3033
4916 -1
5195 2953
4754 5918
-1 3050
-1 -1
5381 -1
3626 4052
-1 -1
3440 5863
3218 3760
-1 -1
-1 3445
3384 5363
2904 -1
-1 3709
2957 2927
-1 -1
4620 -1
3011 3435
-1 -1
3112 -1
4834 3183
4374 4245
3438 5085
3572 3607
5205 3870
-1 -1
-1 3226
-1 4203
3381 4460
-1 -1
3369 2969
-1 -1
4071 -1
-1 -1
2956 3738
-1 -1
5275 3292
4314 -1
-1 -1
3746 3399
-1 5615
-1 -1
4342 4307
3082 5695
3486 4440
3789 4938
-1 4283
4009 -1
-1 3436
4518 5769
-1 -1
-1 -1
3534 -1
2989 3642
-1 3214
-1 -1
4743 -1
5147 5035
3025 -1
-1 4504
-1 -1
-1 -1
4605 -1
-1 -1
-1 3666
-1 5029
3678 -1
3645 4838
3750 -1
3701 5262
5148 -1
-1 5860
4622 3820
-1 3952
3045 4582
-1 -1
-1 5569
2985 4056
-1 5086
-1 3058
3622 -1
-1 4805
3916 4398
-1 -1
3950 5652
-1 -1
4842 -1
-1 -1
4621 3023
4678 4121
-1 3920
5610 3034
4468 3401
5865 3255
3022 -1
5663 -1
5429 4309
3397 -1
3914 5366
5386 3114
-1 4058
-1 4681
3225 -1
-1 3615
4765 -1
4457 5997
-1 4688
-1 -1
-1 3578
-1 3540
-1 -1
-1 -1
-1 3866
-1 5797
-1 -1
-1 4687
5106 4365
4147 -1
4674 -1
-1 5873
-1 -1
3598 -1
-1 -1
3291 3243
-1 3305
5028 -1
3038 -1
4066 4527
4128 3410
-1 3618
5813 4097
-1 4641
-1 -1
3752 -1
-1 -1
-1 -1
3426 -1
5255 4261
-1 -1
-1 5436
3988 -1
4776 -1
3020 3747
4370 -1
-1 5281
3576 5764
4524 -1
-1 4403
5611 4136
-1 -1
-1 3517
3681 -1
-1 3124
3178 -1
3041 3596
3126 -1
-1 -1
-1 5787
-1 4656
-1 4219
-1 3237
3654 -1
4393 -1
5265 -1
-1 -1
-1 3936
-1 -1
-1 -1
4417 5004
-1 4998
-1 4497
3123 -1
5580 -1
5288 4323
-1 -1
4690 -1
-1 3629
-1 3974
5749 4368
-1 -1
-1 -1
-1 5876
3428 3160
-1 4357
-1 -1
3471 5138
5518 4535
3634 -1
-1 -1
3959 -1
3904 -1
4550 5930
-1 -1
-1 -1
3560 -1
-1 3687
-1 -1
3390 -1
-1 -1
4140 -1
-1 4662
4906 -1
3107 3456
-1 -1
3171 4835
4169 5232
3506 4069
3249 -1
-1 5072
4072 -1
3505 -1
-1 3755
-1 -1
-1 3972
5410 -1
5361 -1
-1 -1
-1 -1
-1 -1
4520 -1
3806 3268
3430 -1
-1 -1
4260 4890
-1 -1
5176 4205
4419 -1
-1 5719
4836 3567
3427 3459
-1 3636
4424 3479
-1 3131
-1 -1
4035 4692
4507 3767
-1 -1
-1 -1
3197 -1
5242 -1
3744 -1
-1 4049
5181 -1
3824 -1
-1 -1
-1 4747
3294 -1
-1 4381
5754 -1
-1 5253
3981 4189
-1 -1
-1 -1
-1 3278
-1 3461
-1 3476
5712 4324
4872 -1
-1 -1
4503 4596
3510 -1
4186 3659
3211 3475
5516 3177
5400 -1
-1 -1
3550 -1
-1 5914
4602 -1
-1 -1
-1 -1
5736 -1
3154 5961
4103 -1
3388 -1
-1 -1
-1 4246
-1 5405
5413 4598
-1 -1
4131 4511
5899 -1
4240 3551
-1 -1
-1 3375
-1 -1
5158 4755
-1 -1
5975 -1
-1 -1
3238 -1
3637 -1
4772 -1
-1 4157
5634 4928
-1 3793
-1 -1
-1 -1
4820 3891
-1 -1
-1 -1
-1 -1
5468 4075
-1 -1
4214 5368
-1 5227
-1 -1
3343 -1
4059 3893
4190 3300
-1 4850
3334 -1
-1 -1
4629 3714
4771 -1
3639 5824
-1 -1
4325 -1
3491 -1
-1 4852
-1 -1
5375 -1
5441 4217
5734 -1
-1 4039
-1 -1
5414 -1
-1 3875
-1 -1
3416 -1
-1 3304
-1 3374
3400 -1
4349 -1
-1 -1
-1 -1
3279 5187
5623 3911
-1 -1
3262 -1
-1 -1
-1 -1
3312 4811
5050 -1
4250 -1
3674 -1
-1 -1
5394 -1
-1 -1
5019 -1
3566 -1
-1 -1
3264 3737
4484 4967
5902 -1
4981 -1
-1 -1
3831 -1
4295 4108
-1 3407
-1 -1
-1 5134
-1 3542
3985 5097
-1 -1
3901 -1
-1 -1
-1 -1
5830 -1
3570 -1
-1 -1
-1 -1
-1 -1
5945 -1
-1 4178
5052 -1
-1 3861
-1 -1
3286 -1
-1 -1
5688 5742
4619 -1
-1 3623
-1 -1
4984 3480
-1 3501
-1 3372
3703 -1
-1 -1
3909 3702
5671 -1
-1 -1
-1 -1
5995 3545
3843 4302
-1 -1
-1 -1
-1 -1
-1 -1
-1 -1
5549 -1
-1 -1
-1 -1
-1 3984
-1 4827
-1 4884
4638 -1
3798 3729
5017 -1
-1 -1
-1 -1
3496 3419
-1 5115
3492 -1
-1 -1
5094 5245
-1 4359
5785 -1
3795 -1
-1 5744
4760 -1
4555 -1
-1 -1
-1 3726
4313 -1
-1 -1
-1 3937
-1 4371
-1 -1
-1 -1
-1 -1
-1 3770
5583 -1
3894 -1
-1 -1
3563 -1
-1 -1
3620 -1
4273 -1
-1 -1
4671 3406
3794 -1
3816 3433
3504 -1
4054 -1
4139 4795
-1 -1
-1 -1
-1 -1
4683 5965
5773 -1
-1 -1
-1 4823
-1 -1
-1 3993
-1 -1
3957 -1
3915 -1
-1 -1
3768 -1
-1 -1
-1 4065
-1 3383
-1 -1
-1 3377
-1 -1
-1 -1
-1 -1
-1 -1
-1 5476
-1 3489
-1 -1
4188 3558
-1 4880
-1 4594
-1 4714
5282 -1
4082 4288
-1 -1
-1 -1
-1 -1
4467 4378
-1 4686
3488 -1
4279 -1
-1 4192
5983 4558
-1 -1
-1 5743
-1 -1
3842 -1
-1 -1
5731 3963
3696 5825
-1 5653
5614 -1
-1 4094
4870 5096
-1 -1
-1 3967
-1 -1
-1 -1
5807 4153
4337 4634
5359 3448
4570 4210
-1 5638
-1 4606
5113 3834
-1 -1
4235 4294
-1 -1
5702 -1
3736 -1
4573 -1
-1 -1
-1 -1
5464 3670
3905 -1
4316 -1
-1 -1
-1 5416
5461 3403
4498 4177
-1 -1
5074 3775
-1 4105
3951 3860
-1 -1
-1 -1
3451 5517
-1 4154
-1 -1
5662 -1
-1 4095
5996 -1
4607 -1
-1 -1
-1 -1
-1 -1
-1 -1
-1 -1
4603 4289
4196 3474
4883 -1
3529 -1
-1 -1
4200 -1
4963 -1
-1 -1
-1 3934
5399 -1
3524 -1
4257 4571
-1 -1
-1 -1
3743 5347
5542 3535
-1 -1
4712 -1
-1 -1
-1 3580
-1 4428
5988 -1
3800 -1
-1 -1
3631 -1
-1 -1
5428 3611
-1 -1
-1 -1
5442 3621
3673 -1
-1 -1
3509 5943
-1 4666
3589 -1
-1 -1
4646 -1
4187 -1
4331 5448
-1 -1
-1 5528
3965 -1
-1 4679
-1 4670
5850 -1
4012 3478
5403 5793
-1 -1
-1 -1
-1 -1
-1 -1
-1 -1
3855 4070
3732 5869
3819 3647
-1 -1
5178 -1
-1 -1
-1 5817
-1 4017
-1 -1
3969 -1
-1 3537
-1 -1
-1 -1
-1 -1
4971 4303
-1 4956
-1 -1
5667 -1
5144 -1
-1 -1
4051 -1
3913 -1
5425 -1
-1 4176
-1 -1
3822 -1
-1 -1
-1 5314
4689 3803
-1 4437
4265 -1
4919 -1
3692 3555
4900 -1
-1 5008
-1 -1
-1 -1
-1 4123
3685 -1
4332 3897
-1 -1
-1 -1
-1 3832
-1 4016
4347 3776
4129 -1
-1 -1
4475 -1
-1 4406
5835 -1
-1 3796
4844 -1
5970 3882
5082 -1
-1 -1
3651 -1
-1 4580
-1 -1
-1 4024
-1 -1
-1 3878
-1 -1
4478 -1
4281 -1
-1 3797
-1 4798
-1 -1
3697 -1
5013 -1
4812 -1
3873 -1
-1 4995
5459 -1
-1 4897
-1 3707
-1 -1
-1 -1
-1 -1
5143 -1
-1 -1
4386 3825
4959 -1
-1 -1
-1 3704
4635 4748
-1 -1
-1 -1
-1 -1
-1 -1
-1 -1
-1 -1
-1 -1
4384 -1
4487 -1
4037 -1
3749 -1
-1 -1
4530 3764
-1 -1
5071 4231
4593 -1
3650 4134
-1 -1
-1 -1
5387 3811
5691 -1
3684 -1
-1 4499
-1 -1
6000 -1
-1 3899
3908 5699
-1 -1
-1 -1
4972 -1
-1 5104
-1 -1
-1 3790
4266 5415
-1 -1
-1 3633
-1 4449
3889 -1
-1 -1
-1 3624
4330 3932
-1 -1
-1 -1
4380 -1
-1 -1
-1 -1
-1 -1
-1 3865
-1 5726
4135 4944
-1 -1
4090 -1
4750 -1
-1 -1
4648 -1
3917 -1
3699 -1
4438 -1
3663 -1
3751 -1
-1 -1
-1 -1
-1 -1
4296 -1
-1 4840
-1 -1
-1 4050
-1 -1
-1 5358
-1 -1
-1 -1
-1 5605
-1 3792
3846 -1
-1 4929
-1 4677
3682 -1
-1 -1
-1 -1
3881 4411
4685 -1
4536 4885
4048 -1
-1 -1
-1 4137
3721 -1
5818 3821
-1 -1
-1 -1
-1 -1
-1 4254
4539 -1
-1 4565
5939 4719
-1 5791
-1 -1
3757 -1
-1 -1
-1 -1
4700 -1
5981 -1
-1 -1
-1 5541
4777 -1
-1 -1
-1 -1
-1 3991
-1 4183
4502 -1
4989 3694
-1 -1
-1 -1
5219 -1
-1 5993
-1 -1
-1 -1
-1 5317
-1 4274
-1 4443
-1 -1
-1 3766
4106 -1
4615 4312
-1 4334
-1 -1
-1 -1
-1 -1
-1 -1
4966 4146
-1 3728
4623 3948
4895 -1
4597 -1
-1 5437
-1 -1
-1 3784
4007 -1
-1 4653
5049 -1
-1 -1
5507 -1
4431 5684
-1 -1
-1 4584
-1 -1
-1 -1
4299 -1
-1 4669
-1 4826
4396 3711
-1 -1
-1 4696
4015 4344
-1 -1
5295 -1
4640 -1
-1 -1
-1 3966
3983 -1
-1 4232
5129 -1
4941 4410
4215 5299
3835 3898
3742 -1
3975 -1
-1 -1
-1 5669
4083 3946
5783 -1
-1 5636
4953 -1
-1 5700
-1 -1
-1 3814
3801 -1
-1 5179
-1 -1
-1 -1
-1 -1
-1 -1
-1 -1
-1 5059
5977 5259
4532 5088
-1 -1
5184 4706
5502 -1
4160 5707
-1 4173
-1 -1
3779 -1
3826 4193
-1 -1
5640 4661
-1 5551
-1 -1
4308 5409
4479 -1
5190 4746
-1 -1
-1 5895
5270 -1
-1 -1
-1 -1
-1 3858
5458 -1
-1 -1
4877 -1
-1 5811
-1 -1
4068 -1
-1 5631
-1 -1
-1 -1
-1 -1
-1 -1
-1 -1
-1 5364
4236 -1
4461 5689
-1 -1
5572 -1
-1 -1
5027 3930
-1 -1
4477 -1
3955 -1
-1 -1
-1 -1
-1 -1
-1 -1
5493 5128
-1 -1
-1 -1
5310 4152
-1 4544
-1 -1
-1 4832
-1 5715
-1 4586
5479 4055
-1 -1
-1 5944
-1 5999
-1 4031
-1 4957
-1 -1
-1 -1
4451 -1
-1 -1
-1 -1
3888 4742
-1 -1
-1 5396
-1 -1
-1 5492
-1 -1
-1 -1
-1 -1
-1 4595
-1 -1
-1 4093
-1 -1
-1 -1
-1 4576
4868 5383
-1 -1
-1 5723
-1 4632
-1 -1
-1 -1
-1 -1
-1 4270
5392 -1
-1 -1
3857 -1
-1 -1
-1 -1
5884 4608
-1 -1
-1 -1
-1 -1
-1 -1
-1 -1
5630 -1
-1 5099
-1 4005
4402 -1
-1 -1
4144 -1
-1 -1
-1 -1
5967 -1
-1 4781
-1 3850
-1 5355
-1 -1
5844 4739
3935 3921
5046 -1
5433 4291
-1 -1
5135 4057
4339 5248
-1 5222
3928 -1
-1 4448
-1 5506
-1 -1
-1 -1
5021 -1
4405 -1
-1 -1
5593 -1
-1 -1
4322 -1
5351 -1
-1 4327
5584 -1
-1 4130
-1 -1
-1 -1
-1 4973
-1 -1
-1 -1
-1 -1
-1 4898
-1 4579
-1 -1
-1 -1
4143 4561
5806 -1
-1 -1
-1 -1
3986 -1
-1 -1
-1 -1
4882 5058
5228 -1
-1 -1
-1 -1
-1 -1
-1 -1
-1 -1
4942 -1
-1 4682
-1 5260
-1 4230
4421 4258
-1 4936
-1 -1
-1 -1
-1 -1
-1 -1
-1 -1
-1 -1
-1 5982
4420 -1
5277 -1
-1 -1
-1 -1
-1 5172
4315 5303
-1 5443
-1 -1
4036 4639
-1 -1
-1 4282
-1 4757
-1 -1
-1 -1
5928 5254
-1 -1
-1 5555
-1 -1
-1 -1
-1 -1
-1 5067
5367 -1
4649 -1
5909 -1
-1 -1
4800 -1
4560 -1
5042 -1
4675 4768
4262 -1
-1 -1
5362 5568
-1 5204
-1 -1
3978 -1
-1 4935
-1 -1
-1 4227
-1 -1
-1 5940
4489 -1
4951 -1
5305 -1
-1 5285
-1 -1
-1 4783
-1 4276
-1 -1
-1 -1
-1 -1
-1 -1
-1 -1
5473 4699
-1 -1
-1 -1
-1 -1
4353 4191
-1 4171
5031 4930
3973 -1
5036 5563
-1 4673
-1 5311
4091 -1
-1 5211
5157 -1
4875 4863
4278 -1
-1 -1
-1 -1
-1 -1
4508 -1
-1 -1
-1 -1
-1 -1
-1 -1
-1 5853
-1 -1
4433 -1
5220 -1
-1 -1
-1 -1
5854 -1
4585 4910
-1 -1
-1 5504
-1 -1
-1 4204
-1 5189
5539 -1
-1 -1
4343 -1
-1 5244
4383 -1
-1 -1
-1 5692
-1 -1
-1 5451
-1 -1
4962 4030
-1 -1
5340 -1
4729 5706
-1 -1
4124 4556
-1 4335
5466 -1
-1 4348
4828 -1
5788 4033
5278 -1
5026 -1
-1 4761
4238 4382
-1 -1
-1 5864
5894 5264
4272 -1
-1 -1
-1 4211
-1 4133
-1 4319
5426 5570
5952 -1
-1 -1
-1 -1
-1 -1
-1 -1
-1 -1
5444 -1
-1 -1
-1 -1
-1 4079
-1 -1
-1 5321
-1 -1
-1 -1
5985 -1
-1 -1
-1 -1
4107 -1
-1 4955
-1 -1
4085 5117
-1 -1
-1 4899
-1 5832
-1 -1
-1 -1
-1 4366
4567 -1
5033 4924
-1 -1
-1 5167
-1 -1
4426 -1
4614 -1
-1 -1
-1 -1
4318 4356
-1 -1
-1 -1
-1 -1
4345 4092
-1 -1
-1 -1
-1 -1
4209 -1
-1 5522
-1 -1
4513 -1
-1 -1
-1 -1
4080 4809
-1 -1
-1 -1
4784 -1
-1 5590
5647 4787
-1 -1
5694 -1
-1 -1
-1 -1
4949 -1
-1 5511
5696 -1
-1 -1
-1 5221
4817 4163
-1 -1
-1 -1
5716 4216
-1 5091
4127 -1
4174 4409
-1 4976
5153 -1
4707 5727
5829 -1
4329 -1
-1 -1
4114 -1
-1 -1
-1 -1
-1 -1
-1 -1
4117 4155
-1 4244
4413 -1
-1 -1
-1 -1
-1 4912
-1 -1
5377 4170
-1 4711
4298 -1
-1 4577
5455 -1
5934 5713
-1 5533
-1 -1
4704 5490
-1 4228
-1 4358
-1 -1
-1 4578
-1 -1
5483 -1
-1 -1
-1 4779
4167 -1
-1 4485
-1 -1
-1 -1
-1 5795
-1 5601
-1 -1
-1 -1
-1 -1
4175 -1
-1 -1
-1 -1
-1 -1
4213 4418
5169 5520
-1 -1
-1 -1
-1 -1
5068 5001
-1 -1
4492 -1
-1 -1
5062 4531
4626 -1
4305 5656
-1 -1
-1 -1
-1 -1
-1 -1
4958 5998
-1 -1
-1 4375
4859 -1
5196 4637
4562 -1
-1 -1
5836 5006
-1 -1
-1 -1
-1 -1
-1 -1
5642 -1
4644 -1
-1 4226
4233 -1
-1 -1
-1 -1
5164 -1
-1 -1
4926 -1
-1 -1
-1 -1
-1 -1
-1 -1
-1 -1
5771 -1
-1 5819
5598 -1
-1 -1
-1 -1
-1 4208
-1 4454
5633 5556
-1 -1
-1 -1
-1 -1
4285 4891
4740 -1
-1 -1
-1 -1
-1 -1
5529 -1
-1 -1
-1 4495
-1 -1
-1 -1
-1 -1
5193 -1
-1 -1
-1 -1
5075 -1
-1 -1
-1 -1
-1 5080
-1 -1
4500 -1
5488 4847
5496 -1
5103 5722
-1 5635
-1 5266
-1 4818
5868 5753
5620 -1
5484 -1
-1 -1
-1 -1
5963 -1
-1 5294
-1 -1
-1 -1
-1 -1
-1 -1
5780 5398
-1 -1
-1 -1
-1 -1
-1 5338
-1 4869
-1 -1
4763 -1
-1 4987
-1 4575
-1 4947
-1 -1
5875 -1
-1 -1
-1 -1
-1 4881
-1 -1
-1 -1
-1 5149
-1 -1
-1 -1
-1 -1
-1 -1
-1 -1
-1 -1
5840 4702
-1 -1
-1 -1
-1 5922
4300 -1
-1 -1
-1 -1
-1 -1
5015 -1
4785 5003
-1 -1
-1 -1
4341 5083
-1 -1
-1 -1
5798 -1
-1 4894
5768 -1
-1 -1
5308 -1
-1 -1
5226 -1
-1 -1
5296 -1
-1 5269
4659 5160
-1 -1
-1 -1
-1 -1
4965 -1
-1 -1
-1 -1
-1 -1
5243 4860
-1 -1
-1 4546
-1 -1
-1 -1
-1 -1
-1 -1
-1 -1
4480 -1
5648 -1
-1 4845
-1 -1
-1 -1
5657 -1
4773 -1
-1 4647
-1 5018
4474 5654
-1 5044
-1 -1
-1 5199
4446 -1
5060 5897
-1 -1
-1 -1
-1 4867
4833 -1
-1 -1
5834 -1
-1 -1
5206 5729
-1 -1
-1 -1
-1 4651
-1 -1
4636 4751
-1 -1
-1 -1
4350 -1
-1 -1
4676 4738
5217 -1
-1 4701
-1 -1
-1 -1
4780 -1
-1 -1
5370 -1
-1 5721
4390 -1
-1 -1
-1 -1
-1 -1
-1 -1
-1 -1
-1 5292
-1 5007
-1 4896
4982 -1
-1 4770
-1 -1
4568 -1
-1 5621
-1 -1
-1 -1
-1 -1
4387 -1
-1 -1
-1 -1
4395 -1
4407 5833
-1 -1
-1 -1
-1 -1
-1 -1
-1 4456
-1 -1
-1 4427
5109 5297
-1 -1
-1 4528
-1 4753
-1 -1
5756 -1
5023 5180
-1 -1
-1 -1
-1 -1
4988 -1
4389 -1
-1 -1
-1 4708
-1 -1
-1 -1
4950 5972
4854 4948
-1 -1
-1 -1
-1 -1
-1 4802
-1 -1
-1 -1
-1 -1
-1 -1
-1 -1
-1 -1
-1 -1
-1 -1
5890 -1
5577 4855
-1 -1
-1 4857
-1 -1
-1 5775
4510 4749
-1 -1
-1 4792
-1 -1
4698 -1
-1 -1
-1 -1
-1 5575
-1 -1
-1 -1
4799 -1
-1 4694
4564 4610
4447 -1
-1 -1
-1 5025
-1 -1
-1 -1
-1 5637
4496 -1
-1 -1
-1 -1
5904 -1
-1 5119
-1 -1
4725 -1
-1 -1
-1 -1
-1 -1
-1 -1
-1 -1
-1 -1
4445 -1
-1 -1
-1 5450
-1 -1
-1 -1
-1 -1
5177 -1
-1 -1
-1 -1
4736 -1
-1 -1
-1 -1
-1 -1
5714 -1
4631 -1
5501 5790
-1 -1
-1 -1
4509 4992
-1 -1
-1 5090
5233 5761
-1 -1
-1 -1
-1 -1
-1 -1
-1 -1
4658 -1
-1 -1
-1 -1
-1 -1
5986 5839
-1 -1
-1 -1
-1 -1
-1 4726
-1 -1
-1 -1
-1 4557
-1 4482
-1 -1
-1 -1
-1 -1
5680 -1
-1 4918
-1 4731
5215 -1
-1 -1
5697 4839
-1 -1
4514 -1
-1 -1
-1 -1
-1 -1
4797 -1
-1 5843
-1 -1
-1 5079
-1 4709
-1 -1
-1 -1
-1 -1
-1 -1
-1 -1
-1 -1
-1 5162
-1 5329
-1 4684
-1 -1
-1 5320
-1 -1
-1 -1
5666 -1
-1 5161
5612 -1
-1 -1
4717 -1
-1 -1
-1 -1
4954 -1
-1 5879
-1 4975
-1 4713
5962 -1
-1 5927
-1 -1
-1 -1
-1 -1
-1 4977
-1 -1
5979 -1
-1 5870
-1 5406
-1 5124
-1 -1
-1 -1
-1 -1
5887 -1
5356 4660
-1 -1
-1 5093
-1 -1
-1 -1
-1 -1
-1 -1
-1 -1
-1 -1
-1 4923
-1 -1
4613 4830
-1 -1
-1 -1
-1 -1
-1 -1
5070 -1
-1 -1
-1 -1
-1 -1
-1 -1
-1 -1
-1 -1
5379 -1
-1 -1
4808 -1
5020 -1
-1 -1
-1 -1
-1 -1
-1 -1
5173 -1
-1 -1
-1 -1
5878 -1
-1 -1
4952 -1
-1 -1
-1 -1
-1 -1
-1 5202
-1 5658
-1 -1
-1 -1
-1 -1
-1 -1
-1 -1
-1 -1
5547 5287
-1 -1
-1 -1
-1 4904
-1 4611
-1 -1
-1 -1
-1 5421
5447 -1
-1 -1
-1 -1
-1 4716
-1 -1
-1 5159
5991 -1
-1 -1
-1 -1
5470 -1
-1 -1
-1 -1
-1 5856
-1 4968
-1 -1
4939 -1
-1 -1
-1 -1
-1 4874
-1 -1
-1 -1
-1 -1
-1 -1
-1 -1
-1 -1
5588 -1
-1 -1
-1 -1
-1 5781
5579 5481
-1 -1
-1 -1
-1 -1
-1 -1
5751 -1
-1 -1
-1 -1
-1 -1
-1 5114
-1 -1
-1 5661
-1 -1
-1 -1
5587 -1
-1 5302
-1 -1
5482 -1
5076 -1
-1 -1
-1 -1
5063 4722
-1 -1
-1 4810
5397 -1
-1 -1
-1 -1
-1 -1
-1 -1
-1 -1
-1 5597
-1 -1
5053 -1
5932 -1
5175 -1
5500 -1
5676 -1
-1 -1
-1 4778
-1 -1
-1 -1
-1 5683
-1 5326
-1 -1
-1 -1
-1 -1
-1 -1
-1 -1
-1 -1
-1 -1
-1 -1
-1 -1
-1 -1
5165 -1
-1 -1
5766 -1
-1 4718
-1 -1
-1 -1
-1 -1
-1 -1
-1 -1
-1 -1
4788 -1
5530 -1
-1 5933
5585 -1
5121 -1
-1 -1
-1 -1
-1 4767
4937 -1
-1 5513
-1 -1
-1 -1
-1 4734
-1 -1
-1 -1
-1 -1
5412 -1
-1 -1
-1 -1
-1 -1
-1 -1
5823 -1
-1 5603
5258 -1
-1 5089
-1 -1
5395 -1
-1 5427
-1 5424
-1 -1
5365 -1
-1 -1
-1 -1
-1 5435
-1 -1
-1 -1
-1 4888
5272 5728
-1 -1
-1 -1
-1 -1
-1 4920
-1 -1
5218 -1
-1 -1
-1 5065
-1 -1
-1 -1
5454 -1
-1 5845
-1 -1
-1 4969
5127 5546
-1 -1
-1 -1
-1 -1
-1 -1
-1 -1
-1 -1
-1 -1
5552 -1
-1 -1
-1 5306
-1 -1
-1 -1
5419 -1
5573 -1
-1 5582
-1 -1
-1 -1
5328 -1
-1 -1
-1 -1
-1 -1
-1 5532
-1 5571
-1 -1
-1 -1
5885 -1
5313 -1
-1 -1
-1 -1
-1 -1
-1 -1
-1 -1
-1 -1
5477 -1
-1 5971
-1 -1
-1 -1
-1 5391
-1 -1
-1 5333
-1 -1
5307 -1
-1 -1
-1 -1
-1 -1
-1 -1
-1 -1
-1 -1
-1 -1
5704 4933
5372 -1
-1 -1
5047 5337
-1 -1
-1 -1
-1 5567
5439 -1
-1 -1
-1 -1
-1 5030
-1 -1
-1 -1
-1 -1
-1 -1
-1 -1
-1 -1
5776 -1
-1 -1
-1 -1
-1 5092
-1 4814
-1 -1
-1 -1
-1 -1
-1 -1
-1 -1
-1 -1
5041 -1
-1 5804
-1 -1
4866 5247
-1 -1
-1 -1
-1 -1
5497 -1
-1 4905
-1 -1
-1 -1
-1 -1
-1 -1
5151 -1
-1 5185
-1 -1
-1 -1
-1 5064
-1 5553
-1 -1
5456 5693
4849 -1
-1 -1
-1 -1
-1 -1
-1 -1
5352 -1
-1 -1
-1 -1
5871 5318
-1 4892
5216 -1
5016 -1
-1 -1
-1 -1
-1 5592
-1 -1
5849 -1
-1 -1
5672 -1
4993 -1
-1 -1
-1 -1
-1 -1
-1 -1
5289 -1
-1 -1
-1 -1
-1 -1
-1 -1
-1 -1
-1 -1
5140 -1
5084 -1
5131 4964
-1 -1
-1 -1
-1 5197
5230 -1
5385 -1
-1 5198
5596 -1
5486 -1
-1 -1
-1 -1
5705 -1
-1 -1
-1 -1
-1 -1
-1 -1
4914 5327
-1 5081
-1 -1
-1 5057
-1 -1
-1 5748
4991 -1
-1 -1
-1 -1
-1 4917
-1 -1
-1 -1
-1 -1
-1 5390
-1 -1
5794 -1
5200 -1
-1 -1
-1 -1
-1 5223
-1 -1
5291 -1
5430 -1
-1 5388
4979 -1
5280 -1
-1 -1
-1 -1
-1 -1
-1 -1
-1 5851
-1 -1
5150 -1
-1 -1
5784 -1
-1 5404
-1 5298
5422 -1
-1 5118
-1 -1
-1 -1
-1 -1
5286 -1
-1 -1
-1 -1
-1 -1
-1 -1
-1 -1
-1 -1
-1 -1
-1 -1
-1 -1
4970 -1
5735 5209
-1 -1
5527 5796
5898 -1
-1 -1
-1 -1
-1 -1
5882 -1
-1 -1
-1 -1
5460 -1
-1 -1
-1 5737
-1 -1
-1 -1
-1 -1
-1 -1
-1 -1
-1 -1
-1 -1
-1 -1
5485 -1
-1 -1
-1 -1
-1 -1
5912 -1
-1 -1
-1 -1
-1 -1
5465 -1
-1 -1
-1 -1
5309 -1
-1 -1
-1 -1
-1 -1
-1 -1
-1 -1
5847 -1
-1 5548
-1 5341
-1 -1
-1 -1
-1 -1
-1 -1
-1 -1
-1 5925
-1 -1
-1 -1
-1 -1
-1 -1
-1 -1
-1 5420
-1 -1
-1 5274
-1 -1
-1 -1
-1 -1
-1 -1
-1 -1
-1 -1
5073 5353
-1 -1
-1 -1
-1 -1
-1 -1
-1 5509
-1 5489
-1 -1
-1 -1
5472 5402
-1 -1
-1 -1
-1 -1
-1 -1
-1 -1
-1 -1
-1 -1
-1 -1
-1 -1
-1 5881
-1 5650
-1 -1
-1 -1
-1 -1
5107 -1
-1 -1
-1 -1
-1 -1
-1 -1
-1 -1
5837 -1
-1 -1
-1 -1
-1 -1
-1 -1
-1 -1
-1 -1
-1 -1
-1 -1
-1 -1
-1 -1
-1 -1
5273 -1
-1 -1
-1 -1
-1 -1
-1 -1
-1 -1
-1 -1
-1 -1
-1 -1
-1 -1
-1 -1
-1 5505
-1 -1
-1 -1
-1 -1
-1 -1
-1 -1
-1 -1
-1 -1
-1 -1
-1 -1
-1 -1
-1 -1
-1 5268
-1 -1
-1 -1
-1 -1
5163 5538
-1 5644
5494 -1
-1 -1
-1 5677
-1 -1
-1 -1
-1 -1
-1 5732
-1 -1
-1 -1
-1 -1
5913 5136
5973 -1
-1 -1
5214 -1
-1 5171
-1 5105
-1 -1
-1 -1
-1 -1
-1 -1
-1 -1
5491 -1
-1 -1
-1 -1
-1 -1
-1 -1
-1 5137
-1 -1
-1 5741
-1 -1
-1 -1
-1 -1
5191 5271
-1 5133
-1 -1
5495 -1
-1 -1
-1 -1
-1 -1
-1 -1
-1 -1
-1 5738
-1 -1
-1 -1
5526 -1
-1 5499
-1 -1
-1 -1
5146 -1
-1 -1
-1 5857
5503 -1
-1 -1
-1 -1
-1 -1
-1 -1
-1 -1
-1 -1
-1 -1
-1 5475
-1 -1
-1 5212
-1 -1
-1 -1
-1 5323
-1 -1
-1 -1
-1 -1
-1 -1
-1 -1
-1 5602
-1 -1
-1 -1
-1 -1
-1 -1
-1 -1
-1 -1
-1 -1
5154 -1
-1 -1
-1 -1
5229 -1
-1 -1
5239 5872
-1 -1
-1 -1
-1 -1
-1 -1
-1 -1
-1 5604
-1 -1
-1 5752
-1 -1
-1 -1
-1 -1
-1 -1
-1 -1
-1 -1
-1 -1
-1 -1
-1 -1
-1 -1
-1 -1
-1 5974
-1 5325
-1 -1
-1 -1
-1 -1
-1 -1
-1 5799
5316 -1
-1 -1
-1 -1
-1 -1
-1 -1
-1 -1
-1 -1
-1 5678
-1 -1
-1 -1
-1 -1
-1 -1
-1 -1
-1 -1
-1 -1
-1 -1
-1 -1
5531 -1
-1 5543
-1 -1
-1 -1
-1 -1
-1 -1
-1 -1
-1 -1
-1 -1
-1 -1
-1 -1
-1 5261
-1 -1
-1 -1
-1 -1
-1 -1
-1 5920
-1 -1
5342 -1
-1 5720
-1 -1
-1 -1
5339 -1
-1 -1
-1 -1
5457 -1
-1 -1
-1 -1
-1 -1
-1 -1
-1 -1
-1 -1
5344 -1
-1 -1
-1 -1
-1 -1
-1 -1
-1 5558
-1 -1
-1 -1
5774 -1
-1 -1
-1 5862
-1 -1
-1 -1
-1 -1
-1 -1
-1 -1
5331 -1
-1 5576
-1 5332
-1 -1
-1 -1
-1 -1
-1 -1
-1 -1
-1 -1
-1 -1
-1 -1
-1 -1
5717 -1
-1 -1
-1 5374
-1 -1
-1 -1
-1 -1
5508 -1
-1 -1
-1 -1
-1 -1
5903 -1
5711 -1
-1 -1
-1 -1
5957 -1
5561 -1
5670 5345
-1 -1
-1 -1
-1 -1
-1 -1
-1 -1
5709 -1
-1 -1
5411 -1
-1 -1
-1 -1
-1 -1
-1 5772
-1 -1
-1 -1
-1 -1
-1 5978
-1 -1
-1 -1
-1 -1
-1 -1
-1 -1
-1 -1
-1 -1
-1 -1
5703 -1
-1 -1
-1 -1
-1 -1
5445 -1
-1 -1
-1 -1
-1 -1
5987 -1
-1 -1
-1 -1
-1 -1
-1 -1
-1 -1
-1 -1
-1 -1
-1 -1
5668 -1
-1 5467
-1 -1
-1 -1
-1 -1
-1 -1
-1 -1
-1 -1
-1 -1
-1 -1
-1 -1
-1 -1
-1 -1
-1 -1
-1 -1
-1 -1
-1 -1
-1 -1
-1 -1
-1 -1
-1 -1
-1 5931
-1 -1
-1 -1
-1 -1
-1 -1
-1 -1
-1 -1
-1 -1
-1 -1
-1 5917
-1 -1
-1 -1
-1 -1
5842 -1
-1 -1
-1 -1
-1 -1
-1 -1
5855 -1
-1 -1
-1 -1
-1 5393
-1 -1
-1 -1
-1 -1
-1 -1
-1 -1
5423 -1
-1 -1
-1 -1
-1 -1
-1 -1
-1 -1
-1 -1
-1 -1
-1 -1
-1 -1
-1 -1
5690 -1
-1 -1
-1 -1
-1 -1
-1 -1
-1 -1
-1 -1
-1 -1
-1 5867
-1 -1
-1 -1
-1 -1
-1 -1
-1 -1
-1 -1
-1 -1
-1 -1
-1 -1
-1 -1
-1 -1
-1 -1
-1 -1
-1 -1
-1 -1
5521 -1
5438 -1
-1 -1
-1 5550
-1 -1
-1 -1
-1 -1
-1 -1
-1 -1
5816 -1
-1 -1
-1 5626
-1 -1
-1 -1
-1 -1
5757 -1
-1 -1
-1 -1
5645 -1
-1 -1
-1 5763
-1 -1
-1 -1
-1 -1
-1 5810
-1 5984
-1 -1
-1 -1
-1 -1
-1 5733
-1 -1
-1 -1
5906 -1
-1 -1
-1 -1
-1 -1
-1 -1
-1 -1
-1 -1
-1 -1
-1 -1
-1 -1
-1 -1
-1 5578
5687 -1
-1 -1
-1 -1
-1 -1
-1 -1
-1 -1
-1 -1
-1 -1
-1 -1
5896 -1
-1 -1
-1 -1
-1 -1
-1 -1
-1 -1
-1 -1
5480 -1
-1 -1
-1 -1
-1 -1
-1 -1
-1 -1
-1 -1
-1 -1
-1 -1
-1 -1
-1 -1
-1 -1
-1 -1
-1 -1
-1 -1
-1 -1
-1 -1
-1 -1
-1 -1
-1 -1
-1 -1
-1 -1
-1 -1
-1 -1
5762 -1
-1 -1
5643 -1
-1 -1
-1 -1
-1 -1
-1 -1
-1 -1
-1 -1
-1 5540
-1 -1
-1 -1
-1 -1
-1 -1
-1 -1
-1 -1
-1 -1
-1 -1
-1 -1
5745 -1
-1 -1
-1 -1
-1 -1
-1 -1
-1 -1
-1 -1
-1 -1
-1 -1
-1 -1
-1 -1
-1 -1
-1 -1
-1 -1
-1 -1
-1 -1
-1 -1
5618 -1
-1 -1
-1 -1
-1 -1
-1 -1
-1 -1
-1 -1
-1 -1
5841 -1
-1 -1
-1 5606
-1 -1
-1 -1
5725 -1
-1 -1
-1 -1
5852 -1
-1 -1
-1 -1
-1 -1
-1 -1
-1 -1
-1 -1
-1 -1
-1 -1
-1 -1
-1 -1
-1 -1
-1 5980
-1 -1
-1 5900
-1 -1
-1 -1
-1 -1
-1 -1
-1 -1
-1 -1
-1 -1
-1 -1
-1 -1
-1 -1
-1 -1
-1 -1
-1 -1
-1 -1
-1 -1
-1 -1
-1 -1
-1 -1
-1 -1
-1 -1
-1 -1
-1 -1
-1 -1
-1 -1
5950 -1
-1 -1
-1 -1
-1 -1
-1 -1
-1 -1
-1 -1
-1 -1
-1 -1
-1 -1
-1 -1
-1 -1
-1 -1
-1 -1
-1 -1
-1 -1
-1 -1
-1 -1
-1 -1
-1 5628
-1 -1
-1 -1
-1 -1
-1 -1
-1 -1
-1 -1
-1 -1
-1 -1
-1 -1
-1 -1
-1 5625
-1 -1
-1 -1
-1 -1
-1 -1
-1 -1
-1 -1
-1 -1
-1 -1
-1 -1
-1 -1
-1 -1
-1 -1
-1 -1
-1 -1
-1 -1
-1 -1
-1 -1
5686 -1
-1 -1
-1 -1
-1 -1
-1 -1
-1 -1
-1 -1
-1 -1
-1 -1
-1 -1
-1 -1
-1 -1
-1 -1
-1 -1
-1 -1
-1 -1
5665 -1
-1 -1
-1 -1
-1 -1
-1 -1
-1 -1
-1 -1
-1 -1
-1 -1
-1 -1
-1 -1
-1 -1
-1 -1
-1 -1
-1 -1
-1 -1
-1 -1
-1 -1
-1 -1
-1 -1
-1 5924
-1 -1
-1 -1
-1 -1
-1 -1
-1 -1
-1 -1
-1 -1
-1 -1
-1 -1
-1 -1
-1 -1
-1 -1
-1 -1
-1 -1
-1 -1
-1 -1
-1 5730
-1 -1
-1 -1
-1 -1
-1 -1
-1 -1
-1 -1
-1 -1
-1 -1
-1 -1
-1 -1
-1 -1
-1 -1
-1 5889
-1 -1
-1 -1
-1 -1
-1 -1
-1 -1
-1 -1
-1 -1
-1 -1
-1 -1
-1 -1
-1 -1
-1 -1
-1 -1
-1 -1
-1 -1
-1 -1
-1 -1
-1 -1
-1 -1
-1 -1
-1 -1
-1 -1
-1 -1
-1 -1
-1 -1
-1 -1
-1 -1
-1 -1
-1 -1
-1 -1
-1 -1
-1 -1
-1 5992
-1 -1
-1 -1
-1 -1
-1 -1
-1 -1
-1 -1
-1 -1
-1 -1
-1 5905
-1 -1
-1 -1
-1 -1
5969 -1
-1 -1
-1 -1
5915 -1
-1 -1
-1 -1
-1 -1
-1 -1
-1 -1
-1 -1
-1 -1
-1 -1
-1 -1
-1 -1
-1 -1
-1 -1
-1 -1
-1 -1
-1 -1
-1 -1
-1 -1
-1 -1
-1 -1
-1 -1
-1 -1
-1 -1
-1 -1
-1 -1
-1 -1
-1 -1
-1 -1
-1 -1
5953 -1
-1 -1
5848 -1
-1 -1
-1 -1
-1 -1
-1 -1
-1 -1
-1 -1
-1 -1
5801 -1
-1 -1
-1 -1
-1 -1
-1 -1
-1 -1
-1 -1
-1 -1
-1 -1
-1 -1
-1 -1
-1 -1
-1 -1
-1 -1
-1 -1
-1 -1
-1 -1
-1 -1
-1 -1
5966 -1
-1 -1
-1 -1
-1 -1
-1 -1
-1 -1
5805 -1
-1 -1
-1 -1
-1 -1
-1 -1
-1 -1
-1 -1
-1 -1
-1 -1
-1 -1
-1 -1
-1 -1
-1 -1
-1 -1
-1 -1
-1 -1
-1 -1
-1 -1
-1 -1
-1 -1
-1 -1
-1 -1
-1 -1
-1 -1
-1 -1
-1 -1
-1 -1
-1 -1
-1 -1
-1 -1
-1 -1
-1 -1
-1 -1
-1 -1
-1 -1
5893 -1
-1 -1
-1 -1
-1 -1
-1 -1
-1 -1
-1 -1
-1 -1
-1 -1
-1 -1
-1 -1
-1 -1
-1 -1
-1 -1
-1 -1
-1 -1
-1 -1
-1 -1
-1 -1
-1 -1
-1 5921
-1 -1
-1 -1
-1 -1
-1 -1
-1 -1
5880 -1
5954 -1
-1 -1
-1 -1
-1 -1
-1 -1
-1 -1
-1 -1
-1 -1
5951 -1
-1 -1
-1 -1
-1 -1
-1 -1
-1 -1
-1 -1
-1 -1
-1 -1
-1 -1
-1 -1
5946 -1
-1 -1
-1 -1
-1 -1
-1 -1
-1 -1
-1 -1
-1 -1
-1 -1
-1 -1
-1 -1
5908 -1
-1 -1
-1 -1
-1 -1
-1 -1
-1 -1
-1 -1
-1 -1
-1 -1
-1 -1
-1 -1
-1 -1
-1 -1
-1 -1
-1 -1
-1 -1
-1 -1
-1 -1
-1 -1
-1 -1
-1 -1
-1 -1
-1 -1
-1 5989
-1 -1
-1 -1
-1 -1
-1 -1
-1 -1
-1 -1
-1 -1
-1 -1
-1 -1
-1 -1
-1 -1
-1 -1
-1 -1
-1 -1
-1 -1
-1 -1
-1 -1
-1 -1
-1 -1
-1 -1
-1 -1
-1 -1
-1 -1
-1 -1
-1 -1
-1 -1
-1 -1
-1 -1
-1 -1
-1 -1
-1 -1
-1 -1
-1 -1
-1 -1
-1 -1
-1 -1
-1 -1
-1 -1
-1 -1
-1 -1
-1 -1
-1 -1
-1 -1
-1 -1
-1 -1
-1 -1
-1 -1
-1 -1
-1 -1
-1 -1
-1 -1
-1 -1
-1 -1
-1 -1
-1 -1
-1 -1
-1 -1
-1 -1
-1 -1
-1 -1
-1 -1
-1 -1
-1 -1
-1 -1
-1 -1
-1 -1
-1 -1
-1 -1
-1 -1
-1 -1
-1 -1
-1 -1
-1 -1
-1 -1
-1 -1
-1 -1
-1 -1
-1 -1
-1 -1
-1 -1
-1 -1
-1 -1
