100
2 4
3 12
5 10
7 22
28 6
-1 58
9 8
24 17
67 15
-1 11
-1 13
14 32
23 18
50 41
46 16
19 87
-1 -1
37 20
21 35
-1 30
-1 34
39 26
31 36
52 25
51 27
43 95
33 -1
79 29
81 65
42 64
90 -1
83 48
99 45
89 -1
38 40
96 -1
54 91
53 59
-1 86
-1 49
66 -1
78 68
44 -1
-1 61
-1 -1
47 100
-1 63
72 57
-1 70
62 -1
56 -1
-1 55
-1 75
-1 60
-1 -1
85 -1
-1 -1
-1 -1
92 80
-1 -1
71 69
-1 -1
-1 77
-1 94
-1 -1
-1 73
74 -1
88 93
-1 -1
76 84
-1 -1
-1 -1
-1 -1
-1 -1
-1 -1
-1 -1
-1 -1
-1 -1
-1 -1
82 -1
-1 -1
-1 -1
-1 -1
-1 -1
-1 -1
-1 -1
-1 -1
-1 -1
-1 -1
98 -1
-1 -1
-1 -1
-1 -1
-1 -1
-1 -1
97 -1
-1 -1
-1 -1
-1 -1
-1 -1
