5000
11 2
6 3
7 4
10 5
13 38
41 8
14 9
306 21
63 18
-1 12
55 27
15 103
112 19
16 42
30 17
97 75
595 54
45 43
20 24
23 25
110 22
31 60
57 141
68 28
26 35
181 93
32 29
127 33
144 37
69 34
249 74
198 96
48 46
56 39
36 205
76 40
73 170
91 65
84 78
119 50
108 47
130 44
1086 111
72 191
51 64
71 125
337 66
162 49
61 52
53 58
555 87
70 229
362 59
2179 495
86 -1
98 67
369 155
3651 88
340 62
82 100
89 213
211 157
80 92
95 94
160 540
329 535
79 101
251 113
104 118
140 212
77 81
278 1391
85 300
494 356
221 215
109 90
291 83
585 617
696 204
107 -1
727 184
115 131
1602 188
161 498
236 120
190 636
154 299
624 128
799 136
381 106
1276 135
138 129
132 208
105 309
169 116
784 149
99 334
210 256
122 459
745 121
102 197
623 228
193 117
239 3074
150 964
147 325
951 152
114 243
200 171
164 928
137 124
742 134
294 143
407 178
545 245
282 2077
123 367
3321 165
704 289
167 175
341 196
288 318
145 373
382 163
126 1822
146 166
707 319
774 185
133 240
148 151
1013 183
1740 237
317 374
168 308
353 1423
139 195
335 259
575 159
189 199
142 -1
202 174
458 267
428 -1
957 269
214 176
179 203
481 432
247 206
180 223
2251 233
254 252
153 424
1443 207
529 156
172 536
158 1415
187 592
673 385
475 4404
182 248
539 -1
292 244
792 224
226 360
1045 271
177 417
809 173
3552 216
1070 925
219 257
726 312
218 409
553 201
297 564
217 614
909 232
744 1267
593 456
246 1754
186 506
351 192
467 378
-1 1402
222 263
-1 283
273 451
1747 546
194 942
392 231
260 448
285 230
-1 430
266 277
287 2054
1172 321
272 262
425 261
241 375
547 1554
1183 330
1542 220
2154 342
434 489
280 732
323 209
-1 286
1175 1117
496 810
548 349
322 234
724 253
847 440
387 324
315 705
303 279
328 281
313 543
352 418
542 227
250 2884
332 -1
331 464
599 396
225 441
242 1564
235 894
302 276
265 1239
915 274
1612 1084
391 358
4817 365
238 638
1625 565
514 516
573 401
-1 877
293 2002
864 390
890 327
3096 778
2397 1132
2263 326
1704 479
582 596
1922 270
3064 756
258 3040
2186 686
789 630
368 295
255 275
850 499
2762 1384
486 310
395 507
301 2861
339 338
3590 3282
-1 819
268 1859
264 3713
606 519
416 298
583 524
1556 749
504 488
316 828
-1 700
435 -1
591 383
1181 1932
284 314
571 311
1336 544
296 290
531 -1
526 397
666 346
586 347
561 473
471 521
419 -1
2156 1328
1531 305
541 670
2581 366
350 1193
609 569
345 377
502 604
518 304
415 497
751 1060
1200 1513
-1 1047
4867 307
522 384
2138 386
1041 453
-1 2509
461 400
1525 825
1523 344
452 966
376 492
466 379
-1 805
770 611
741 487
637 1462
885 685
797 320
580 410
3215 343
423 533
508 457
2200 348
1129 336
1026 445
644 411
-1 1053
333 1087
462 446
513 843
1109 577
4073 357
628 757
515 421
413 399
427 613
472 412
422 1105
439 398
725 354
405 1526
1031 763
393 361
610 1614
359 525
1474 450
1074 371
667 934
2844 653
388 899
871 676
364 2417
372 -1
389 500
876 841
1190 702
512 -1
994 491
449 355
429 647
493 1699
4164 2745
900 668
403 394
363 1088
370 1841
1072 1444
785 554
1197 402
1125 414
380 -1
3810 447
527 3134
520 845
1466 658
720 755
442 913
454 406
-1 -1
874 893
-1 856
1226 444
572 -1
1569 1138
860 477
1271 730
4862 927
664 -1
1059 1497
1094 478
408 -1
480 1626
936 699
552 -1
568 640
-1 484
952 -1
510 1395
1230 -1
-1 619
574 651
2886 3677
903 436
870 404
1092 632
431 1187
2937 626
438 1370
3275 420
1153 -1
1161 3097
768 1147
906 576
2605 652
-1 635
677 3614
943 460
615 -1
661 791
485 803
2462 1544
2657 1252
1112 680
-1 979
437 794
1540 433
2401 455
482 470
511 426
1035 1207
1265 -1
1064 469
-1 4963
-1 -1
701 443
594 -1
2442 945
642 919
1075 1438
4222 728
2021 490
2366 1543
4915 483
4530 523
1842 2362
600 587
465 1107
-1 474
567 607
933 2603
-1 1339
2325 579
-1 1501
1165 603
-1 463
752 556
687 605
1192 476
-1 468
-1 597
534 2260
2078 2109
1016 4583
917 1179
1079 2879
537 1033
4024 708
-1 1076
-1 3027
747 -1
650 1054
863 4458
2225 675
532 649
633 551
923 716
1188 557
813 -1
1081 643
562 861
672 1055
-1 509
538 986
800 1283
3342 1376
-1 1757
1558 1186
-1 -1
683 970
620 505
-1 1801
1744 2441
891 1083
4112 4058
858 -1
783 501
711 549
1330 1879
634 1004
1243 563
1551 601
1470 802
646 777
3274 618
503 660
-1 -1
920 590
2073 1622
622 838
-1 940
1101 965
3131 2906
892 -1
588 1943
1530 781
1345 517
932 723
2336 1122
1655 1645
1596 998
1686 688
581 1021
974 528
-1 1148
558 3837
681 -1
655 -1
-1 1425
914 2675
560 1032
857 631
1591 2064
530 2240
1310 550
2443 1106
-1 625
1155 1131
715 1360
570 598
641 1020
629 1563
2019 1575
1770 1867
-1 954
3728 995
973 3847
4449 1722
566 608
-1 578
1697 -1
1069 881
1817 1638
721 -1
961 1119
817 1133
2203 2730
559 3010
4763 880
-1 1434
1957 2900
682 854
908 639
1323 717
1046 1286
729 621
1040 -1
689 657
-1 1565
1937 1011
2824 2569
1262 2728
807 1559
1259 760
654 1294
2162 589
761 867
-1 684
1185 1637
714 656
990 766
960 584
1180 1790
-1 1920
1618 992
-1 713
719 1136
1214 3923
2560 1012
2979 944
1988 1824
976 1108
-1 -1
1532 709
1278 1082
706 931
3137 -1
1862 824
-1 814
1268 1992
1898 3890
665 1369
804 772
645 -1
812 602
902 830
3498 691
694 1780
989 3005
1034 833
937 4467
1223 754
790 750
1662 612
3639 648
703 1258
1487 1170
690 -1
1839 2558
695 2562
616 748
1430 697
1592 710
731 1660
1127 911
746 627
4279 922
2220 882
671 981
-1 948
1169 773
-1 771
1435 674
907 1788
3504 698
-1 1229
738 759
734 1709
739 806
1039 1886
1174 779
1296 663
-1 853
1634 1359
1000 1568
-1 821
4647 -1
769 1396
2434 1124
929 1030
4110 1118
823 999
1173 3470
659 735
905 2074
662 3620
678 3646
2553 2942
-1 1785
679 669
740 787
1289 795
-1 985
776 712
839 1561
808 1066
869 1386
-1 1057
2304 1056
2611 1240
2719 3826
1904 1254
1378 693
849 692
844 883
-1 758
-1 -1
1102 801
780 782
1615 718
1326 722
3659 1441
1720 3868
1446 767
-1 3325
736 2026
3422 840
1209 1042
-1 1334
888 2120
1178 765
2803 -1
1281 879
818 -1
971 832
-1 1342
2080 -1
886 1483
826 1403
963 868
1758 836
775 1024
1213 2159
-1 1948
4208 1389
829 1225
1141 1610
912 1713
1260 1984
1228 1661
972 2227
2277 2350
2327 -1
969 1314
1038 793
2995 733
796 1795
1198 904
3787 743
-1 831
2495 896
4436 1458
1703 737
2010 1595
2378 3350
1123 -1
820 1232
1134 -1
878 1100
1001 1233
968 1049
-1 1457
2406 2045
2518 1116
1002 786
2230 3361
1215 762
3015 1761
1537 -1
862 1994
835 -1
946 2648
1009 -1
1405 3483
816 865
3084 1899
1598 926
887 1806
-1 1856
-1 1142
1500 753
941 788
811 2967
991 1194
1335 764
1103 1096
2206 -1
4681 1635
-1 1961
837 1756
1273 1249
1022 1340
3634 916
1517 1140
2478 1210
2790 1597
-1 1727
1498 1736
846 1905
827 1218
3076 -1
988 977
1678 1292
1694 -1
875 1063
4337 842
1379 1114
1080 2147
1017 1684
-1 2808
4318 834
1065 930
2007 -1
1698 1272
1303 2616
1392 2811
1219 -1
4568 947
1964 949
3095 2891
1623 950
-1 1643
2096 848
1873 -1
1671 1447
2295 1115
1051 -1
3059 1354
-1 873
1972 -1
1095 -1
3363 798
822 1861
1097 1616
2143 1006
1245 1381
815 2695
2167 -1
-1 1493
1025 2922
1918 2422
1567 2334
1256 851
-1 2802
889 1938
1394 -1
1135 1363
1037 4355
1299 2168
1168 -1
-1 1316
1231 3855
1522 1163
2946 855
3260 -1
4506 -1
1666 2705
859 2801
884 4999
-1 1324
1007 1990
3144 -1
1383 1346
3453 3414
4585 1481
1015 -1
866 2142
1823 1743
-1 3335
1647 -1
1627 1343
872 1397
-1 -1
1362 1779
2955 1052
2315 1044
1459 -1
-1 2845
1926 1573
4563 4650
3801 901
-1 1003
-1 967
1738 982
2095 1216
-1 4095
852 2467
1399 2766
1280 1465
978 1067
1885 1656
3757 898
918 3783
2881 4181
3307 -1
4360 910
1285 2028
1028 -1
1145 4316
1907 2271
3035 2107
1337 -1
2733 3893
1090 1609
1120 1448
1566 2600
935 1746
3678 1982
1297 1195
3117 3292
2345 1077
2540 1850
1372 -1
2338 1819
2952 1274
924 1321
1050 4678
1150 1212
-1 1152
953 2111
1472 1834
1589 2256
2296 2601
1398 1048
895 1646
-1 1518
1836 897
1089 938
1407 -1
-1 1196
2223 1184
1467 2380
1205 -1
1085 2482
993 3478
3992 2551
-1 1427
996 939
921 2008
-1 4914
-1 1853
1277 3876
2575 1629
1909 962
-1 4895
1167 2150
1685 -1
3941 1058
1894 1393
955 3258
-1 -1
1313 1367
-1 2236
1204 -1
3822 -1
3104 2866
2479 1176
959 1238
-1 2313
980 -1
1476 3671
958 1158
-1 4588
1014 1043
1157 1098
997 1679
1455 2855
1583 4130
1799 1027
-1 1093
2261 -1
2098 1844
987 983
1828 4056
1244 956
1492 1261
2183 1552
1036 -1
-1 1222
1005 2000
-1 2399
2945 1298
1269 1377
1789 1159
3411 975
3205 -1
-1 -1
1139 1018
1250 1319
1315 1332
2090 1989
1535 1333
3383 1452
1524 1162
1160 -1
1068 2484
4522 2425
-1 1111
1234 1505
1008 2187
1553 -1
1318 1760
-1 1255
-1 1866
3635 3604
-1 -1
2968 4883
1763 -1
1177 -1
1550 1293
1061 2163
-1 1849
984 1816
1813 1327
-1 1557
1361 1482
1019 3695
2595 2243
1010 1454
2001 -1
1282 -1
1130 1939
1322 1206
1353 1445
1987 3512
3791 -1
-1 3575
1110 -1
1302 1221
1431 -1
2846 -1
1401 -1
1480 -1
1202 1331
1409 2498
2411 1349
2017 1301
-1 1584
-1 1981
1217 1485
1227 2915
2044 1586
2565 1442
4368 1786
-1 4333
1773 2959
1797 2175
1290 4962
1872 -1
1023 1688
-1 1421
-1 -1
3113 -1
1199 3312
1675 1182
3961 -1
3404 4076
1071 3964
2840 2449
1304 -1
2112 1621
1091 1191
-1 1266
1380 1029
2659 1777
1604 1104
1146 -1
4085 1723
-1 1062
-1 1705
1426 4772
3387 -1
1776 4971
2617 2118
3449 1251
-1 1263
-1 1208
2085 -1
2068 1073
-1 1078
1852 1624
1719 1406
2129 2063
4356 1970
1762 1338
-1 2267
1771 1099
2376 2132
1529 3009
2257 1809
1347 1201
4543 -1
-1 2920
3487 1433
1935 2127
3515 1275
4117 1284
2091 1151
1404 4596
4292 3107
-1 2137
4033 3185
-1 1766
4232 3752
2015 1611
1560 1712
1428 -1
1166 1242
-1 3811
1503 1706
1364 3526
1308 1463
-1 1288
-1 2699
3083 1137
1570 2714
1966 -1
2050 2254
1121 1126
1144 2268
1311 2121
2487 1732
1547 1235
1832 1113
-1 4571
1270 4194
1189 1683
1350 2457
1295 1203
1437 -1
3683 1171
-1 1419
1224 1805
1858 -1
1651 4859
2985 1768
1236 2427
-1 -1
-1 -1
2300 -1
3272 -1
-1 1855
1882 -1
2218 1562
1580 1871
2727 -1
-1 2145
1815 -1
3432 1985
1665 4397
4217 -1
3913 -1
1453 4346
1728 1128
1752 3817
1628 -1
-1 2534
-1 2516
2512 1993
1860 1545
1983 1680
1143 2231
1460 -1
1507 -1
1156 1312
1772 -1
1154 2718
1149 1818
-1 -1
4080 2486
1164 3806
2210 3443
-1 2607
-1 1341
-1 1574
2102 2072
1673 1737
1374 1650
-1 2265
1420 4460
2629 3206
3419 2377
2057 1794
-1 1211
1496 1279
2867 2448
-1 1669
1488 -1
-1 4348
1257 1306
2496 1711
-1 -1
4308 1220
1351 -1
3050 4068
2383 2414
1325 2208
1800 1510
2444 1247
2358 -1
2454 1388
2419 1582
-1 2037
-1 2917
3717 4441
-1 1857
1639 -1
-1 2685
1287 1241
2331 1534
-1 3589
2247 1946
2033 1248
4133 -1
3629 -1
2436 3174
4067 1432
1237 2568
2797 1653
2430 1619
2622 1264
2561 1291
2258 -1
4032 3428
2396 4231
-1 4942
1385 -1
-1 2939
1963 1504
-1 1620
1499 1739
2171 -1
1965 1676
1309 1413
4072 1572
1608 -1
1594 2114
2964 1978
-1 -1
1490 3925
-1 -1
-1 -1
4280 3710
-1 1895
-1 1906
-1 3582
2579 4463
1533 3917
-1 1541
-1 1695
1414 1528
1348 -1
1300 3793
-1 3384
2805 -1
2100 1375
1410 2925
1783 -1
-1 1416
-1 1475
1469 2201
3537 1808
-1 -1
1494 1439
3701 2400
-1 1317
1663 -1
1576 1887
3161 2735
-1 2636
4493 1549
1696 2619
1759 1418
-1 2076
3306 -1
1682 -1
-1 1954
-1 1520
2456 -1
1305 -1
1246 1821
1253 2374
3100 3148
1890 2492
2887 2324
-1 -1
1412 2956
2756 3731
3168 2246
1941 -1
1357 2224
1751 2089
2529 2075
1450 2499
1408 3778
1411 -1
-1 2266
-1 3293
-1 1527
-1 1745
1893 1830
2885 2731
1617 -1
3349 -1
-1 2344
1897 4472
3156 3195
1956 2113
3021 -1
2013 2519
1607 1969
-1 -1
1461 1368
-1 1355
-1 4578
-1 1506
3621 2873
1690 2182
-1 1793
1590 1344
-1 3495
-1 2280
-1 3452
2539 2439
2035 2450
-1 2178
-1 1329
-1 3284
1955 3816
4339 1417
2644 2827
2624 3242
2433 -1
3068 1791
3977 4250
-1 2040
2043 3887
1307 1451
1742 3320
1468 4092
1672 1356
3486 1519
1511 3908
-1 2297
1489 2270
1358 3054
-1 2164
3060 -1
1929 -1
2226 2287
2639 1735
1702 -1
1714 -1
4524 -1
1320 2116
-1 1536
-1 1931
3303 -1
1578 -1
-1 -1
3643 -1
-1 2746
1913 1633
3183 -1
-1 -1
-1 -1
-1 2105
1429 -1
1352 -1
-1 -1
-1 2333
2119 -1
-1 3667
1753 -1
1365 1814
1865 1876
-1 1371
-1 1733
2104 1843
3409 -1
2184 1659
-1 2405
-1 1579
2470 2166
-1 1599
1366 1387
-1 1373
1707 1845
2538 2647
3318 2806
-1 2786
4327 -1
1436 4804
1502 4671
4594 1588
1749 1400
3441 2755
-1 -1
-1 3456
2737 -1
1921 1456
2476 3226
-1 1774
1382 -1
2602 1422
2585 1654
-1 4046
4835 -1
2763 -1
2059 -1
4953 1491
1950 1716
1649 -1
4107 3715
1479 1700
1864 4282
1640 1478
2810 -1
4800 1390
-1 2913
2321 4695
1807 1555
2683 3812
2361 -1
3128 4703
2069 3057
3494 1571
2207 1495
2943 2910
2772 -1
-1 1701
2415 3236
2468 -1
1593 -1
-1 2106
1782 1515
1644 2222
2025 3239
2413 2493
1606 -1
-1 1995
2480 3933
-1 2253
-1 2423
2384 1484
2330 4259
1577 3870
-1 2523
2836 3533
4167 1847
4405 -1
2367 4366
1538 1581
1424 4520
-1 4439
2908 -1
2453 1731
1440 1512
1846 2041
1967 4652
2024 3220
2071 1464
2658 3921
1900 2589
-1 1516
1471 -1
-1 1916
-1 4430
4265 4605
3313 4884
-1 2664
2459 1449
3848 1521
3355 2949
2219 1670
-1 1958
1831 -1
4827 1674
2213 2012
2656 1508
2209 2577
-1 1755
1903 1892
3105 4513
-1 3330
-1 -1
2398 1657
3004 -1
1835 1601
3863 2927
-1 -1
2389 1934
2249 2773
2953 2533
1477 3323
4376 -1
4937 2923
-1 -1
1473 1962
2004 3971
-1 4910
2758 4565
-1 2030
2006 2437
1486 1613
1919 -1
-1 1632
2070 2339
4749 2545
3202 1775
4551 -1
1603 3496
-1 1945
2093 1631
2847 2697
2513 4715
1917 2170
2418 -1
-1 4830
2034 2420
1509 2269
2357 1548
1952 -1
2032 3233
2189 3123
2160 1726
3267 3714
1829 -1
3319 2554
-1 3169
3770 1803
3240 3454
1811 3089
-1 2274
3975 4062
1687 2387
-1 2907
3835 -1
-1 -1
2286 1648
2363 2135
-1 2402
1587 1721
-1 1658
-1 3675
1514 1539
-1 2036
4950 -1
1826 1977
2355 2052
4769 2016
4454 -1
3300 2485
1810 1667
-1 1883
-1 -1
1585 1605
1973 3546
1891 4215
1820 2375
2323 1833
2503 -1
-1 1546
-1 -1
-1 -1
3579 -1
1708 -1
-1 2174
1944 2130
-1 4484
2804 2264
-1 4211
2364 2103
1877 2382
1641 3548
-1 2409
1729 -1
-1 2097
3153 3066
3999 -1
-1 4435
2065 2428
2011 3764
2604 4636
1974 3014
2511 -1
1642 3333
4391 -1
3602 2370
2742 2192
3340 4049
-1 3080
-1 4757
-1 -1
3048 2774
-1 -1
2202 1875
1636 2732
3527 1664
-1 4952
-1 1933
-1 3341
1940 1798
2062 2232
4792 -1
1914 3550
1778 -1
2316 2146
2176 2809
3116 2679
1825 3653
-1 1600
3143 -1
4983 2133
4022 3479
-1 1630
-1 2627
3334 2494
-1 3625
1718 2682
1924 -1
-1 2426
2158 4028
2588 3420
1730 2769
-1 -1
1725 2038
1769 -1
2608 -1
3213 2792
2259 1837
-1 3046
1692 -1
3481 2165
3270 2155
2115 -1
2149 -1
1652 -1
2310 1767
3011 -1
3211 4351
4612 -1
4136 4766
2022 -1
4111 3391
-1 -1
-1 4300
2039 1923
-1 2832
-1 4993
2099 2346
3141 3891
2369 3995
4288 2464
-1 3036
-1 4182
2340 1840
-1 3730
1717 -1
2535 4768
2242 2969
3473 -1
-1 -1
1764 -1
2815 -1
4162 3633
-1 2048
-1 4016
-1 2429
2507 2349
-1 1677
-1 2965
2250 -1
3531 2818
2294 3846
3207 3223
-1 1715
3447 -1
-1 2701
2681 1792
-1 2688
-1 1851
1953 -1
-1 -1
-1 -1
3555 -1
2172 -1
1870 -1
-1 3960
2874 -1
-1 -1
-1 -1
2128 1689
-1 2084
1668 2863
4512 1750
-1 3918
1848 2319
1827 1741
3779 -1
-1 -1
2452 2368
2394 -1
4958 4820
-1 -1
1927 4160
-1 1691
-1 2481
1693 -1
1681 -1
4489 -1
2686 -1
-1 1902
-1 4147
1748 3328
1942 2292
4485 -1
1889 2872
3190 1910
-1 -1
-1 2488
-1 2889
3794 1915
1980 3297
2984 3511
-1 2706
2359 -1
2228 2031
2153 -1
4516 3378
2761 -1
1802 1710
-1 -1
2552 -1
-1 -1
1936 -1
4437 1999
1997 3819
2023 2582
-1 1804
-1 4761
3231 3072
4243 -1
2586 -1
3230 3266
1734 4628
2573 3834
2290 3997
-1 3002
1724 4186
2238 1951
3610 2722
-1 1812
4886 -1
2042 2634
2173 4132
-1 -1
2721 1784
2047 -1
-1 1912
1869 -1
-1 2337
2747 1884
1878 -1
3232 3434
-1 2852
-1 4607
2559 2973
-1 -1
2307 3372
2216 -1
-1 -1
2177 3348
-1 -1
2631 3399
-1 -1
1888 -1
4341 3734
4083 -1
-1 2029
-1 4899
2752 2108
-1 -1
2407 2005
-1 -1
-1 2435
-1 3899
4504 2715
-1 2914
2195 1868
2563 2283
1765 -1
2663 1896
2572 2556
-1 -1
2880 -1
4206 -1
1854 -1
-1 1968
-1 4789
-1 3199
-1 3264
2547 -1
1996 1781
3250 1863
-1 -1
-1 4394
3360 2079
1925 2199
3415 -1
2599 -1
3572 -1
3252 2083
-1 3086
2957 2311
-1 2421
2662 1796
3750 -1
-1 2684
-1 4626
2060 3718
1787 1881
3587 3278
3389 3376
-1 2948
3353 -1
2301 -1
-1 -1
2819 -1
2212 4611
2014 -1
-1 4569
-1 -1
2466 3704
3188 2517
3665 2234
2716 3458
4149 4882
2724 -1
3103 1908
3669 3146
2483 2092
2477 3543
4191 3386
3394 2687
3613 3159
2235 2848
2738 2284
3851 2649
2332 3516
-1 2388
3429 -1
-1 1979
2768 4052
2239 -1
-1 1901
2094 4857
-1 2126
2110 2151
-1 2298
-1 1930
3371 2351
2122 2027
3125 3760
4263 2386
-1 2379
2306 -1
-1 4161
4858 3588
3693 -1
-1 -1
4274 2117
1838 -1
3019 1947
4932 1911
2046 2241
-1 3298
-1 2087
3850 3044
4236 -1
4175 -1
-1 -1
4851 1874
2963 -1
2197 2580
2326 2314
3026 2273
2530 2514
2472 2549
2322 -1
-1 -1
-1 -1
-1 2282
-1 -1
4079 2490
-1 1928
-1 3557
-1 3229
-1 2205
2713 2051
-1 2372
-1 2392
2725 -1
-1 3743
-1 -1
1949 -1
3037 -1
-1 -1
-1 -1
2877 1880
2524 2929
2180 3051
-1 -1
2285 3314
-1 2870
2615 1986
2217 -1
3513 4026
-1 3189
3132 -1
2352 2003
-1 -1
4330 -1
-1 -1
4009 -1
2148 2700
-1 3958
-1 4933
1960 2667
2980 -1
2781 4718
3468 3894
3549 2557
2528 2385
3032 2876
2652 -1
-1 -1
-1 2654
-1 2903
-1 -1
-1 2831
4850 4335
-1 3375
2181 2757
4154 3510
2825 2365
-1 -1
2630 2823
-1 -1
2938 -1
2221 3049
4724 4685
2049 3317
-1 3902
4168 4667
3091 2671
2445 -1
-1 -1
4844 -1
4358 -1
2501 -1
2390 2592
3196 2998
2431 4377
-1 4150
-1 2262
2305 2134
-1 4466
4834 2373
3462 3615
2194 3744
1975 3853
-1 -1
-1 1959
3407 -1
4574 -1
2009 2020
2088 -1
-1 4630
2353 2934
4831 -1
-1 -1
2474 2067
3558 1971
-1 -1
2598 2185
-1 2583
-1 -1
-1 -1
2455 -1
-1 2101
3018 -1
2997 -1
2317 3976
2782 4494
-1 4719
-1 1976
-1 -1
-1 4643
2161 -1
-1 -1
3255 3556
-1 3689
2320 4169
-1 4207
-1 2082
4838 -1
3259 -1
4252 2211
4637 -1
-1 3942
2626 -1
-1 -1
-1 -1
3599 2567
-1 -1
2058 2996
-1 -1
4123 -1
2416 4997
2056 4822
1991 -1
-1 4315
-1 2245
2248 -1
-1 -1
2491 -1
3517 2897
2726 -1
-1 3840
1998 2086
-1 2193
4603 -1
-1 2018
-1 -1
2783 3900
-1 2776
2157 3699
2665 3833
2576 3385
-1 -1
2744 4473
2461 2196
2638 2779
2440 -1
-1 -1
3573 -1
2916 2299
-1 3775
3209 -1
3392 -1
-1 -1
-1 -1
2347 3149
-1 2055
4765 2837
3769 -1
2590 2868
-1 2140
2970 2123
3838 2875
2723 -1
4074 -1
4566 2893
-1 -1
-1 2799
2136 3101
2066 2125
2640 -1
-1 4689
3606 3001
2276 3357
2053 -1
3110 2144
-1 -1
3719 -1
-1 2152
-1 3647
4166 3897
-1 2061
4241 2348
2960 2343
2081 3203
4380 -1
-1 -1
2403 -1
3979 3030
3003 -1
-1 -1
4008 -1
2308 -1
2275 3295
2289 -1
2131 2909
3492 2546
-1 -1
4116 -1
-1 2497
2278 -1
-1 -1
3464 3601
-1 -1
-1 -1
2954 -1
2124 3828
-1 4879
2814 -1
-1 3545
-1 3439
2139 2141
-1 2637
-1 2641
3611 3729
-1 2978
2342 2244
2613 2489
2381 2291
-1 -1
-1 2475
-1 3171
2395 3130
-1 2432
2860 -1
2609 3445
3758 -1
3397 2645
-1 -1
4705 -1
4277 -1
-1 2281
3562 4119
2279 -1
-1 3243
4362 -1
2788 -1
2329 3926
-1 3551
4736 2318
3586 -1
2214 -1
4258 4229
4014 3082
4025 -1
-1 2990
-1 3249
-1 3499
2796 3308
2408 4602
3176 -1
-1 3947
-1 4144
-1 -1
-1 -1
-1 2537
3737 2525
-1 3860
-1 -1
-1 -1
-1 -1
2451 -1
2288 -1
-1 -1
2341 2204
3920 2215
-1 3503
2229 -1
-1 -1
-1 2237
-1 3142
3370 -1
-1 2828
-1 -1
3280 4313
-1 -1
-1 2817
-1 -1
2458 4332
2842 3676
2255 -1
-1 2614
2335 -1
2169 2759
2191 -1
-1 4021
2527 2505
4786 3467
2188 -1
-1 -1
-1 -1
4264 -1
-1 -1
4723 2515
-1 3644
-1 -1
3281 2190
-1 2669
2504 4788
-1 3184
2302 -1
-1 -1
3033 -1
-1 -1
-1 2548
2859 3597
2834 -1
4012 2532
3877 3039
-1 4109
-1 -1
2821 -1
-1 -1
2753 2704
4230 3034
2198 -1
2570 -1
-1 3649
2293 -1
-1 4013
-1 -1
2673 3804
-1 3218
-1 -1
3364 2932
3963 -1
-1 2526
-1 2446
-1 2625
3461 3017
-1 -1
-1 2252
2692 -1
-1 -1
-1 -1
-1 -1
2958 2993
2510 2596
2734 2508
-1 -1
-1 -1
3028 2309
-1 3343
-1 2328
-1 3982
2812 2691
-1 3077
3987 -1
4298 -1
2784 3686
2233 -1
2748 2720
2775 2981
-1 -1
-1 -1
-1 -1
-1 4955
-1 2354
-1 -1
4042 -1
-1 2892
-1 3950
2555 -1
2987 -1
-1 2794
3309 -1
-1 3173
-1 -1
2935 -1
-1 4638
-1 2717
3570 3827
-1 -1
3178 2966
3180 2739
-1 2272
-1 -1
2926 -1
4810 3756
2702 -1
-1 -1
-1 -1
3087 2544
2593 2578
-1 -1
-1 4137
3020 -1
-1 2778
-1 -1
-1 -1
-1 4618
3099 4556
2391 4041
4290 -1
2469 -1
2506 -1
2677 2696
-1 2564
2950 -1
2646 -1
2412 3090
3940 -1
-1 -1
-1 -1
-1 3053
2672 3867
-1 -1
-1 3875
-1 3069
-1 2678
-1 -1
-1 -1
2502 2882
4518 -1
-1 -1
-1 3460
2676 4837
2473 2924
-1 2838
2500 -1
2651 -1
-1 -1
-1 2597
-1 -1
3356 -1
-1 -1
3413 3857
2463 2356
-1 -1
2360 -1
-1 4675
-1 -1
-1 -1
2447 -1
4527 4966
-1 -1
-1 2708
3151 -1
-1 2312
4428 2303
2856 -1
2865 3724
-1 4897
-1 -1
2771 2928
-1 2522
-1 -1
-1 -1
4901 -1
-1 2904
-1 -1
-1 4266
4270 -1
3029 -1
3501 3157
-1 2371
-1 3542
2410 -1
2633 3208
-1 -1
-1 -1
-1 -1
-1 -1
4122 -1
3427 2393
2521 -1
-1 -1
-1 -1
2642 -1
-1 -1
3079 4267
-1 4238
-1 4324
-1 2918
4398 -1
-1 -1
3024 3158
4220 4912
3163 2689
3472 -1
-1 -1
-1 -1
2841 -1
-1 -1
2438 3480
-1 -1
2750 2541
-1 3984
4152 4823
-1 4544
3177 -1
3741 -1
-1 -1
-1 4101
-1 3164
-1 4269
4491 -1
2404 4986
2594 4157
3709 3618
4499 4676
-1 -1
2543 -1
3523 -1
4285 2471
4121 -1
3056 -1
-1 2961
3000 -1
2999 2989
-1 -1
4378 -1
-1 -1
-1 2857
-1 3497
-1 2424
-1 3687
-1 -1
-1 2698
4037 3944
4036 -1
-1 -1
-1 3398
2936 2858
2843 2643
-1 -1
-1 3200
3733 4842
4615 -1
3818 -1
2793 2853
-1 3656
2703 -1
4257 -1
4402 4853
-1 3823
2460 3269
3532 -1
4500 4894
-1 -1
2764 2628
4054 4758
2919 2666
-1 3739
-1 3374
4017 -1
3007 4733
3632 -1
-1 -1
-1 2536
2632 2798
-1 2623
2566 -1
3331 -1
-1 3025
2883 -1
4381 -1
2694 2787
2620 3916
4598 3071
-1 3912
-1 2869
-1 3042
-1 2465
-1 2690
2822 4730
-1 -1
3525 -1
-1 -1
2941 3694
4253 4558
3502 -1
-1 -1
3808 3254
-1 2612
-1 -1
3067 3674
2635 3444
-1 -1
2584 -1
-1 3600
4331 3138
-1 -1
2621 2542
2741 -1
4960 2520
3518 3088
2653 2550
4767 -1
3959 3996
3565 3045
2674 3075
-1 4190
-1 2610
2655 3593
-1 -1
-1 3538
3616 -1
3279 -1
-1 2864
3874 -1
-1 4306
-1 -1
-1 3366
2574 -1
-1 -1
-1 2912
3536 4000
-1 2707
-1 2972
-1 -1
4743 -1
2994 4661
-1 -1
-1 -1
-1 -1
-1 -1
2974 3301
-1 -1
-1 2975
3485 2670
-1 -1
-1 2789
-1 -1
2830 -1
3186 -1
3784 4967
3780 2712
2591 -1
2729 3166
-1 -1
4158 -1
-1 3623
-1 3772
-1 -1
4462 -1
-1 4124
2760 -1
-1 4700
4917 3661
-1 2710
3858 3129
-1 -1
4218 -1
-1 3475
3703 3276
3417 -1
-1 3115
-1 4148
4204 -1
-1 -1
-1 -1
-1 4305
3640 -1
-1 2650
-1 3935
2898 -1
3022 2829
3273 -1
-1 3966
-1 3133
3294 2850
2765 4684
2751 2531
-1 4728
-1 3749
-1 3290
-1 3854
-1 -1
-1 -1
3638 -1
2661 3221
-1 2606
2835 4584
-1 2754
4762 3777
-1 -1
-1 -1
-1 2951
-1 -1
2976 4131
-1 -1
-1 -1
-1 4043
3952 3451
-1 -1
-1 4146
-1 -1
-1 -1
3688 3062
3047 -1
-1 3013
-1 2986
4620 3528
-1 -1
3212 -1
4702 -1
-1 -1
3246 3738
2833 3198
-1 -1
-1 4579
3658 -1
4015 -1
2709 2571
-1 3842
3648 -1
-1 4777
-1 -1
3365 3182
3691 -1
-1 2878
2680 -1
-1 3287
-1 -1
-1 -1
-1 4142
4424 -1
-1 4802
2895 -1
-1 -1
2618 2587
-1 3807
4696 -1
-1 3268
4656 4115
-1 -1
3122 -1
2813 -1
3759 -1
-1 -1
-1 -1
-1 -1
3058 -1
-1 3965
3402 -1
3092 -1
2736 4945
4159 3347
-1 3078
3746 4567
3915 -1
-1 -1
-1 2791
3957 -1
-1 3505
4481 2660
-1 -1
-1 -1
2894 -1
-1 -1
3073 -1
-1 -1
3934 3224
3194 -1
-1 2711
3136 -1
3785 -1
4224 3446
4941 3540
3244 -1
3111 3327
-1 4782
2740 -1
2890 3406
2807 -1
-1 2777
3016 -1
-1 -1
3993 4389
-1 4433
-1 -1
-1 4401
3023 3373
-1 2668
-1 -1
-1 3311
-1 -1
-1 3382
-1 3346
4816 -1
2820 3696
2693 2992
3866 3697
3362 -1
-1 3607
3124 2770
-1 3929
-1 -1
-1 2988
4237 -1
-1 2854
3329 -1
-1 3654
-1 -1
-1 -1
3262 3234
-1 -1
4296 -1
3652 -1
4035 4893
-1 2767
-1 -1
-1 -1
3165 3271
2785 -1
2749 3922
3814 3569
-1 4888
3302 -1
-1 -1
3154 2800
3204 3225
-1 -1
4091 2816
-1 -1
3700 3698
4334 4029
3722 -1
-1 4975
-1 4870
-1 2743
3377 -1
3792 -1
-1 -1
-1 -1
-1 3781
-1 3126
3175 -1
-1 3120
4503 3424
-1 4795
-1 -1
-1 3418
-1 -1
-1 -1
4985 3256
2899 3962
-1 -1
-1 4586
-1 4419
3910 3627
2896 -1
-1 3381
-1 -1
4616 -1
2940 -1
3227 -1
-1 -1
4935 3436
3484 3578
-1 -1
3936 -1
3326 -1
-1 2780
4855 -1
2871 3869
-1 3315
4251 3880
-1 -1
3359 -1
-1 3038
4100 -1
4871 3500
3596 3112
-1 -1
-1 -1
-1 -1
-1 -1
-1 -1
-1 3170
-1 -1
3889 3861
4108 3645
-1 4070
3201 -1
4007 4691
-1 -1
-1 3339
3471 4353
-1 -1
3238 3139
4686 4226
-1 3043
2933 4732
-1 3983
3768 3118
3943 3098
3261 -1
4961 4293
3981 2905
3852 3650
-1 -1
-1 -1
-1 -1
-1 -1
-1 3150
4552 -1
-1 -1
4069 -1
-1 -1
-1 3253
-1 -1
-1 -1
3216 -1
2849 2795
-1 3012
-1 -1
3006 3152
4913 -1
-1 3285
3974 -1
4911 -1
-1 -1
-1 3344
3121 -1
3559 -1
-1 -1
4533 -1
3561 4411
-1 -1
-1 -1
4891 -1
-1 3430
-1 -1
-1 -1
-1 -1
4416 -1
3119 3094
-1 2911
-1 4529
4195 2851
-1 -1
3061 -1
2862 3998
3063 -1
3466 -1
4245 3761
-1 -1
-1 2888
-1 3457
-1 -1
-1 2839
3431 2826
-1 3491
4794 -1
3228 -1
-1 3951
4532 -1
3065 -1
-1 4104
-1 -1
-1 4655
4511 -1
-1 -1
-1 -1
-1 3519
4824 -1
-1 3041
3530 -1
-1 -1
-1 3241
4465 4907
3782 4417
-1 4972
3421 -1
3277 -1
-1 -1
3358 4478
3081 2962
3682 4145
4540 4201
2991 3108
3219 -1
-1 3939
3167 -1
-1 -1
-1 -1
-1 -1
-1 -1
-1 -1
-1 -1
-1 -1
-1 4127
3612 -1
4004 2944
3707 2982
2921 -1
3459 -1
3145 -1
-1 -1
-1 4307
-1 3299
3352 4118
-1 -1
-1 -1
4944 -1
3265 4227
2901 4785
-1 3283
2971 3945
-1 4806
3257 -1
3070 2931
-1 -1
-1 -1
-1 -1
3305 -1
3337 3368
4793 -1
-1 -1
-1 -1
-1 -1
4326 -1
-1 -1
-1 -1
-1 4497
3895 2930
4714 3871
-1 3369
2977 -1
-1 3191
-1 -1
4756 3147
-1 4075
3416 -1
-1 -1
-1 -1
-1 4745
3560 -1
-1 2947
4604 4801
-1 3109
-1 4289
2902 -1
-1 4328
4889 -1
-1 3426
-1 3493
4654 4129
4480 -1
4601 -1
-1 -1
3055 -1
-1 -1
3289 3245
-1 -1
4904 -1
-1 -1
3969 3544
-1 4385
4707 -1
-1 -1
3310 4210
-1 -1
-1 -1
3927 4814
4477 3679
-1 -1
-1 3930
-1 -1
-1 3135
-1 -1
3799 -1
3448 -1
-1 -1
3114 -1
-1 3706
4535 -1
-1 -1
-1 -1
4690 -1
-1 4275
-1 -1
-1 -1
4216 3160
4363 3197
-1 -1
-1 -1
3845 -1
4848 -1
4340 -1
-1 -1
-1 3263
-1 -1
4755 4011
4193 3742
3396 -1
-1 -1
-1 -1
4600 -1
-1 -1
-1 4742
3789 3585
-1 -1
3031 -1
-1 -1
3790 4365
-1 4034
4845 4575
2983 -1
-1 -1
-1 -1
3662 -1
3670 -1
-1 -1
4006 -1
-1 3162
-1 -1
-1 3911
-1 4668
3008 4151
-1 -1
-1 4555
-1 -1
3931 4344
-1 3786
-1 -1
-1 3637
3155 -1
-1 4261
-1 -1
-1 3324
-1 -1
4926 -1
-1 -1
-1 4126
-1 3864
-1 -1
3332 -1
3354 -1
-1 -1
-1 -1
3568 3304
3085 -1
4541 -1
-1 3181
-1 3210
-1 -1
-1 -1
-1 3093
-1 3506
-1 -1
-1 4221
-1 3450
4471 4887
-1 3052
-1 -1
-1 4495
-1 3140
4662 3390
3535 4320
4984 -1
4283 -1
-1 -1
4212 -1
-1 -1
-1 3187
4065 -1
3886 3322
-1 -1
-1 -1
-1 3395
3673 -1
-1 -1
-1 4179
-1 -1
4374 3465
3172 -1
-1 -1
3904 -1
-1 -1
4311 -1
-1 3574
4595 -1
-1 -1
-1 3888
-1 3490
3423 -1
-1 4528
-1 -1
-1 -1
-1 -1
4815 3584
4050 -1
4309 3716
-1 3821
4534 3127
3727 3657
4094 4023
-1 4135
-1 -1
-1 3598
-1 -1
3882 -1
-1 -1
-1 4434
4178 -1
-1 3433
-1 3988
-1 4407
-1 -1
-1 3192
-1 4310
3102 3534
-1 -1
4920 -1
-1 3529
-1 -1
3524 -1
-1 3367
3631 -1
-1 -1
-1 4444
-1 3179
-1 3539
-1 4906
4343 -1
-1 -1
4713 3296
3748 -1
3767 -1
4187 4057
-1 4470
3898 3813
-1 3106
3541 -1
3438 -1
-1 4045
-1 3477
-1 -1
-1 3214
3564 3251
-1 -1
-1 4666
4225 -1
-1 4660
3338 3798
3815 -1
-1 3906
-1 -1
-1 4061
3766 -1
-1 3788
-1 3248
-1 -1
-1 -1
-1 -1
3351 4087
-1 -1
4976 -1
-1 3222
3576 -1
3879 3619
4203 -1
-1 -1
3463 3403
-1 3692
3609 3193
4244 -1
-1 3973
3591 -1
-1 -1
-1 -1
4627 -1
-1 -1
3482 -1
-1 4908
-1 -1
-1 -1
-1 -1
3425 -1
-1 -1
-1 -1
3401 3723
4938 -1
-1 -1
-1 -1
3726 -1
-1 -1
-1 -1
-1 -1
-1 3489
-1 3754
-1 -1
4701 4517
3672 4982
-1 -1
3919 3989
-1 -1
-1 -1
4295 -1
-1 4591
-1 -1
-1 3412
3955 -1
-1 -1
4457 3247
4717 -1
3932 4030
-1 -1
-1 -1
3776 3400
4974 -1
-1 3740
-1 4064
-1 4396
-1 -1
3286 3839
-1 -1
4390 3235
-1 -1
-1 -1
-1 -1
-1 -1
-1 -1
-1 4509
-1 -1
-1 3217
-1 -1
3967 -1
-1 -1
4392 -1
-1 -1
-1 -1
-1 -1
4369 -1
-1 3956
4242 3636
3712 4098
-1 -1
-1 -1
-1 -1
4545 -1
-1 -1
-1 4562
-1 -1
4803 -1
3237 -1
-1 -1
3291 -1
-1 3885
-1 4005
-1 -1
-1 -1
-1 -1
4294 -1
-1 -1
-1 -1
3849 -1
3831 -1
-1 -1
3336 -1
-1 -1
-1 -1
-1 -1
3628 -1
-1 -1
4448 -1
-1 -1
-1 -1
-1 4754
-1 -1
-1 -1
-1 -1
3824 4635
-1 3666
-1 -1
-1 4490
-1 -1
-1 4739
-1 -1
-1 -1
-1 -1
4019 -1
-1 -1
-1 -1
3410 4406
-1 -1
-1 4721
-1 -1
-1 -1
3937 -1
-1 -1
4501 3736
4606 3577
-1 -1
3797 3684
-1 3803
3488 -1
-1 -1
-1 -1
3802 -1
4829 -1
-1 3469
-1 3862
3345 -1
-1 -1
3553 -1
-1 -1
-1 -1
-1 -1
3735 -1
3508 -1
-1 -1
-1 4302
-1 -1
4515 4228
-1 -1
-1 -1
-1 4090
-1 4693
-1 -1
-1 3554
-1 -1
-1 -1
-1 3595
-1 -1
-1 -1
3316 -1
3720 4987
3288 -1
-1 -1
3521 4648
-1 -1
4860 4496
-1 -1
-1 3843
-1 -1
-1 -1
3605 -1
3547 3705
-1 -1
-1 -1
-1 -1
-1 3708
-1 -1
-1 4078
-1 3641
-1 3938
-1 -1
4753 -1
-1 4623
-1 -1
-1 4812
-1 -1
3520 4272
-1 3455
-1 -1
-1 -1
-1 -1
-1 -1
3583 -1
4980 -1
-1 3970
-1 -1
-1 -1
4821 3773
4268 -1
-1 -1
4523 -1
4456 -1
4141 -1
-1 -1
-1 4741
-1 3751
-1 -1
-1 -1
-1 -1
3440 4364
-1 3442
-1 4053
4559 4633
-1 -1
-1 4946
-1 3753
-1 -1
-1 4731
3702 -1
-1 -1
-1 3809
3856 4103
4930 3437
3474 -1
4653 -1
4071 -1
-1 -1
-1 -1
-1 -1
4572 -1
-1 3408
-1 -1
3972 -1
-1 -1
3380 -1
-1 -1
-1 4249
-1 4727
4750 3379
-1 -1
3592 3393
-1 -1
-1 -1
-1 -1
4876 -1
-1 -1
3820 -1
-1 -1
4197 -1
-1 -1
4447 -1
-1 4063
-1 4051
4287 -1
-1 3522
-1 3630
-1 -1
-1 3685
-1 3509
-1 -1
-1 -1
-1 4502
3566 3603
-1 3388
3991 3476
-1 -1
3617 3664
3954 -1
4027 4996
-1 -1
-1 -1
4640 -1
3405 -1
-1 -1
4099 -1
4934 -1
-1 -1
-1 -1
-1 -1
-1 4709
-1 -1
-1 -1
3825 -1
-1 -1
4170 -1
-1 -1
-1 -1
-1 3914
-1 4400
-1 3435
-1 -1
3872 -1
-1 -1
-1 4114
3859 -1
-1 -1
-1 3581
-1 -1
-1 -1
4139 -1
-1 -1
-1 4547
-1 3507
-1 -1
-1 4479
-1 -1
-1 3953
-1 -1
-1 -1
-1 -1
-1 -1
-1 4752
3655 -1
4047 4748
-1 -1
-1 -1
3624 4413
-1 -1
-1 4086
-1 3642
-1 -1
-1 -1
-1 -1
-1 -1
-1 -1
-1 -1
-1 -1
-1 4336
3873 -1
-1 -1
4048 -1
-1 -1
4235 3747
-1 4771
-1 -1
-1 4706
-1 -1
4531 -1
-1 3563
-1 4113
-1 -1
-1 4519
-1 -1
3690 -1
4896 -1
-1 -1
-1 -1
-1 -1
4347 -1
-1 -1
-1 -1
-1 3571
-1 4856
-1 -1
-1 -1
-1 4276
-1 -1
-1 -1
-1 3668
4357 -1
-1 -1
4153 -1
-1 4592
-1 -1
-1 -1
-1 -1
-1 -1
4658 -1
-1 -1
-1 3514
4735 -1
-1 4409
4922 -1
-1 -1
-1 3711
-1 -1
-1 -1
-1 -1
-1 -1
-1 -1
4549 4297
-1 -1
-1 4410
-1 -1
4373 -1
-1 4846
-1 -1
-1 3567
-1 -1
-1 -1
3721 -1
-1 -1
-1 -1
4482 4624
-1 -1
-1 4165
-1 -1
-1 3883
4469 -1
4778 -1
4874 -1
-1 4399
-1 -1
4577 4759
-1 -1
-1 -1
-1 -1
4951 -1
-1 -1
3986 -1
4610 4352
-1 4420
4174 -1
-1 3594
4077 4199
-1 4155
-1 -1
-1 -1
4694 -1
-1 -1
-1 4688
3805 -1
-1 4852
-1 -1
3680 4156
4180 3924
-1 4020
-1 -1
-1 -1
-1 -1
3608 -1
4301 -1
-1 -1
-1 -1
-1 -1
-1 -1
-1 -1
-1 4096
4375 -1
4106 4386
-1 -1
-1 -1
4564 -1
-1 -1
-1 -1
-1 -1
-1 -1
-1 -1
-1 -1
-1 -1
-1 -1
3580 -1
4487 -1
-1 3878
-1 -1
4082 -1
-1 -1
-1 -1
-1 -1
3626 4134
-1 -1
-1 4393
4790 4849
-1 -1
-1 -1
4262 -1
-1 -1
-1 -1
4599 -1
-1 -1
3732 4609
3763 -1
-1 -1
4760 -1
3745 -1
-1 -1
-1 -1
-1 -1
-1 3762
-1 -1
-1 -1
-1 -1
4486 3795
-1 -1
-1 4775
-1 -1
4737 4799
-1 -1
-1 -1
3622 -1
-1 -1
-1 3660
-1 -1
-1 -1
-1 -1
-1 -1
-1 -1
-1 4751
-1 -1
-1 4475
-1 -1
4890 -1
-1 -1
4408 -1
-1 -1
4060 3663
4672 -1
-1 -1
-1 -1
-1 -1
-1 -1
-1 -1
-1 -1
-1 -1
-1 -1
-1 -1
-1 4173
-1 4446
-1 -1
3896 4807
-1 -1
-1 3681
-1 4631
3755 -1
-1 -1
-1 4010
-1 -1
-1 3901
-1 -1
-1 -1
-1 -1
3990 4539
-1 4384
-1 -1
-1 -1
-1 3980
-1 4388
-1 -1
-1 3865
-1 -1
-1 -1
-1 -1
4483 -1
-1 -1
4711 4426
-1 -1
-1 -1
-1 4780
-1 -1
-1 -1
4303 -1
-1 3829
-1 -1
-1 -1
3771 -1
-1 -1
-1 3796
-1 -1
-1 -1
-1 -1
-1 4412
-1 -1
-1 -1
4002 -1
-1 -1
-1 -1
-1 -1
-1 -1
-1 -1
-1 -1
-1 -1
-1 -1
-1 -1
-1 3949
-1 -1
4805 -1
-1 -1
-1 4102
-1 -1
-1 -1
-1 -1
-1 -1
-1 3725
-1 -1
-1 -1
-1 4608
-1 -1
-1 4039
-1 -1
-1 -1
-1 -1
4773 -1
4476 4059
-1 -1
-1 4832
4674 3765
-1 -1
-1 -1
-1 4521
-1 4866
-1 -1
3948 4580
4321 -1
4097 -1
4018 -1
-1 -1
-1 -1
4403 -1
-1 -1
3968 -1
-1 -1
-1 4669
-1 -1
-1 3978
4720 -1
-1 -1
-1 3946
-1 -1
5000 -1
-1 -1
-1 -1
-1 4450
-1 -1
-1 -1
4329 -1
3800 -1
-1 -1
-1 -1
-1 -1
-1 -1
-1 3832
-1 -1
-1 -1
-1 4526
-1 -1
-1 -1
-1 4581
-1 -1
-1 -1
-1 -1
-1 -1
-1 4234
-1 -1
-1 -1
-1 -1
-1 -1
-1 -1
3905 -1
3774 4349
-1 -1
-1 3830
-1 -1
-1 -1
-1 4498
-1 -1
4770 -1
-1 4213
3836 -1
3892 4003
-1 -1
-1 4677
-1 -1
-1 -1
-1 -1
-1 -1
-1 -1
-1 4726
-1 -1
-1 3844
-1 4338
4847 -1
-1 -1
3881 -1
-1 -1
-1 4965
-1 4542
-1 -1
-1 4286
-1 3884
-1 -1
-1 -1
-1 -1
-1 4367
-1 -1
-1 -1
4278 -1
-1 -1
-1 4712
-1 -1
-1 3841
-1 -1
-1 4354
-1 -1
-1 -1
-1 -1
4692 -1
-1 -1
-1 -1
-1 -1
-1 -1
-1 -1
-1 -1
-1 -1
-1 -1
-1 -1
3907 -1
4429 4710
-1 -1
4038 -1
-1 -1
-1 -1
-1 -1
-1 4248
-1 -1
-1 -1
-1 -1
4214 -1
-1 4427
-1 -1
-1 -1
3909 4171
-1 -1
-1 -1
-1 -1
-1 -1
-1 4508
-1 4776
-1 -1
-1 -1
4387 -1
-1 -1
-1 -1
-1 4143
4664 -1
3903 4233
-1 -1
4205 -1
-1 4593
4538 -1
4622 -1
-1 -1
-1 -1
4699 -1
4957 4573
4925 -1
4319 -1
-1 4536
4505 4395
-1 -1
-1 -1
-1 -1
-1 4379
-1 -1
4783 4422
-1 -1
4209 -1
-1 4361
-1 -1
-1 -1
-1 -1
-1 -1
-1 4687
-1 -1
-1 -1
4864 -1
-1 -1
-1 -1
-1 -1
4939 -1
-1 -1
-1 -1
-1 -1
4040 4978
4746 -1
-1 4916
4468 -1
-1 -1
-1 -1
-1 -1
-1 -1
-1 3985
4431 -1
-1 -1
-1 -1
-1 4312
-1 -1
-1 -1
-1 4455
-1 -1
4001 4200
-1 4192
4081 -1
-1 -1
-1 -1
-1 4898
-1 -1
-1 4188
-1 -1
-1 4120
-1 -1
4970 -1
3994 -1
3928 -1
-1 -1
-1 -1
-1 4273
-1 -1
-1 -1
-1 -1
-1 -1
-1 4442
-1 -1
-1 -1
-1 -1
-1 -1
-1 -1
-1 -1
-1 4877
4196 -1
-1 -1
-1 -1
-1 -1
4991 4163
-1 -1
-1 -1
-1 -1
4256 -1
-1 4382
-1 -1
-1 -1
-1 -1
-1 -1
-1 4055
-1 -1
4105 -1
-1 -1
-1 -1
4219 -1
-1 -1
-1 -1
-1 4176
4840 -1
-1 -1
-1 -1
-1 4247
-1 -1
-1 -1
-1 -1
-1 4084
-1 -1
-1 -1
-1 4954
-1 4044
-1 -1
-1 -1
-1 -1
-1 -1
4281 -1
-1 -1
-1 -1
-1 -1
-1 -1
4787 4492
-1 -1
-1 -1
-1 -1
4325 -1
-1 -1
-1 -1
4031 -1
-1 -1
-1 4919
4854 -1
4284 -1
-1 -1
-1 -1
4246 -1
-1 -1
-1 -1
-1 4929
-1 4088
-1 4299
-1 4066
-1 -1
4342 -1
4140 -1
-1 -1
-1 -1
-1 -1
-1 -1
-1 4764
4905 -1
-1 4089
4514 -1
4979 4597
-1 -1
-1 -1
-1 -1
4138 4590
-1 -1
-1 -1
-1 -1
-1 -1
4554 4880
-1 4744
-1 -1
-1 -1
-1 -1
-1 -1
-1 -1
-1 -1
-1 -1
-1 -1
-1 -1
-1 -1
-1 -1
-1 4738
-1 -1
-1 -1
-1 -1
-1 -1
-1 -1
-1 4826
-1 4796
-1 4189
-1 -1
-1 -1
-1 -1
4271 -1
-1 -1
-1 4125
-1 -1
-1 -1
4921 -1
-1 -1
-1 -1
-1 -1
-1 4184
-1 -1
-1 -1
-1 4869
-1 4202
-1 -1
-1 -1
-1 -1
-1 -1
-1 -1
4172 -1
-1 -1
-1 -1
-1 4418
-1 -1
-1 -1
-1 -1
4791 -1
-1 -1
-1 4621
-1 -1
-1 -1
-1 -1
-1 -1
4617 -1
-1 -1
-1 -1
4317 -1
4350 -1
-1 -1
-1 4128
4093 -1
-1 -1
-1 -1
-1 -1
-1 -1
-1 -1
-1 -1
-1 4576
-1 -1
-1 -1
-1 4177
-1 -1
-1 4240
-1 -1
-1 -1
-1 -1
-1 -1
-1 -1
-1 -1
-1 -1
-1 -1
4550 -1
-1 -1
-1 4322
-1 -1
-1 -1
-1 -1
4587 4841
-1 -1
-1 -1
-1 -1
-1 -1
-1 -1
4923 4304
-1 -1
-1 -1
-1 -1
-1 -1
-1 -1
4198 4902
4943 -1
-1 -1
-1 4438
4629 -1
-1 -1
-1 -1
-1 -1
-1 -1
-1 -1
-1 -1
-1 -1
-1 -1
-1 -1
4255 -1
4918 -1
4432 -1
4254 -1
-1 -1
-1 4582
-1 4811
-1 -1
-1 -1
-1 4185
-1 -1
-1 -1
-1 4632
4371 4679
-1 -1
-1 -1
4359 -1
-1 4440
-1 -1
-1 -1
-1 -1
-1 -1
-1 -1
-1 -1
-1 4924
-1 -1
-1 -1
-1 -1
-1 4423
-1 4291
-1 -1
-1 -1
-1 -1
-1 4183
-1 -1
4345 -1
-1 -1
-1 4740
-1 -1
-1 4708
-1 -1
-1 -1
-1 -1
-1 -1
-1 -1
-1 -1
-1 -1
-1 -1
-1 -1
4988 -1
-1 -1
-1 -1
-1 -1
-1 -1
-1 -1
-1 -1
-1 -1
-1 -1
-1 -1
4223 -1
4239 -1
-1 -1
-1 4443
-1 4649
-1 -1
-1 -1
-1 -1
-1 4525
-1 -1
-1 -1
-1 -1
-1 -1
-1 -1
-1 -1
-1 -1
-1 -1
-1 -1
-1 -1
-1 -1
-1 4722
-1 4260
-1 -1
-1 -1
-1 -1
-1 -1
-1 -1
4461 -1
-1 -1
-1 -1
-1 -1
-1 -1
-1 -1
4682 -1
-1 4548
-1 -1
-1 -1
-1 -1
-1 -1
-1 -1
-1 -1
-1 -1
-1 -1
-1 -1
-1 -1
-1 4645
-1 -1
-1 -1
-1 -1
4570 -1
4488 -1
-1 -1
-1 -1
4510 -1
-1 -1
-1 4927
-1 -1
4747 -1
-1 4839
-1 -1
-1 4634
-1 -1
-1 -1
-1 -1
-1 -1
-1 -1
-1 -1
-1 4828
4421 -1
-1 -1
-1 -1
-1 4813
4670 -1
-1 -1
-1 -1
-1 -1
4819 4873
-1 -1
-1 -1
4940 -1
-1 -1
-1 -1
-1 4453
-1 4372
-1 4415
-1 -1
-1 -1
-1 -1
-1 -1
-1 -1
-1 -1
4900 -1
-1 4323
4314 4370
-1 -1
-1 -1
-1 -1
-1 -1
-1 -1
-1 -1
-1 -1
-1 -1
-1 -1
-1 -1
-1 -1
-1 -1
4507 -1
-1 -1
-1 4836
-1 -1
-1 -1
4704 -1
4561 -1
-1 -1
-1 4673
-1 4451
-1 -1
-1 -1
-1 -1
-1 -1
-1 -1
-1 -1
-1 -1
-1 4809
-1 -1
-1 -1
-1 -1
-1 -1
-1 4560
-1 4452
-1 -1
-1 -1
-1 4383
-1 -1
-1 4903
-1 -1
-1 -1
-1 -1
-1 -1
-1 -1
-1 -1
-1 4414
-1 -1
-1 -1
-1 4892
-1 -1
-1 -1
4644 -1
-1 -1
-1 -1
4537 -1
-1 -1
-1 -1
-1 -1
-1 4642
-1 -1
-1 -1
4553 -1
-1 -1
-1 -1
-1 -1
-1 -1
-1 -1
-1 -1
-1 -1
-1 -1
-1 4459
-1 -1
-1 -1
-1 -1
-1 -1
-1 -1
-1 4557
-1 -1
-1 -1
4956 -1
4445 -1
-1 -1
-1 4659
-1 -1
-1 -1
-1 4663
-1 -1
-1 -1
-1 -1
-1 4948
-1 -1
-1 -1
-1 -1
-1 -1
4680 -1
-1 -1
-1 -1
-1 -1
-1 -1
-1 -1
-1 -1
-1 -1
-1 -1
-1 -1
-1 -1
-1 -1
-1 -1
-1 -1
-1 -1
-1 -1
-1 -1
-1 -1
-1 -1
-1 -1
-1 -1
-1 -1
4425 -1
-1 -1
-1 -1
-1 -1
-1 -1
-1 4843
-1 4464
-1 -1
-1 -1
4651 -1
-1 -1
4797 -1
-1 -1
-1 -1
4641 -1
-1 4474
-1 -1
-1 -1
-1 -1
-1 -1
-1 -1
-1 -1
-1 -1
-1 -1
-1 -1
-1 -1
-1 -1
4990 -1
-1 -1
-1 -1
-1 -1
-1 -1
-1 -1
-1 -1
-1 -1
-1 4725
-1 -1
-1 -1
-1 -1
-1 -1
-1 -1
-1 -1
-1 -1
-1 -1
-1 -1
-1 -1
-1 -1
-1 4698
-1 -1
-1 -1
-1 -1
-1 4665
-1 -1
-1 -1
-1 -1
-1 -1
-1 -1
-1 -1
-1 -1
4589 4716
-1 -1
-1 -1
-1 -1
-1 4973
-1 -1
-1 -1
-1 -1
-1 -1
-1 -1
-1 -1
4798 -1
-1 -1
-1 4734
-1 -1
4546 -1
-1 -1
-1 -1
-1 -1
-1 -1
-1 -1
-1 -1
-1 -1
-1 -1
-1 -1
4881 -1
-1 4729
-1 -1
-1 -1
-1 4625
-1 4619
-1 -1
4995 -1
-1 -1
-1 -1
-1 -1
-1 -1
-1 -1
-1 -1
-1 -1
-1 -1
-1 4646
4808 -1
-1 -1
-1 -1
-1 -1
-1 -1
-1 -1
-1 -1
-1 -1
4865 4614
-1 4833
-1 4657
4863 -1
-1 -1
-1 -1
-1 -1
-1 -1
-1 -1
-1 -1
-1 -1
-1 -1
-1 -1
-1 -1
-1 -1
-1 -1
-1 -1
-1 -1
-1 -1
-1 -1
-1 -1
-1 -1
-1 -1
-1 4639
-1 -1
-1 -1
-1 -1
-1 -1
-1 -1
-1 -1
-1 4989
-1 -1
-1 -1
-1 -1
-1 -1
-1 -1
-1 -1
-1 -1
-1 -1
-1 -1
-1 -1
-1 -1
-1 -1
-1 -1
-1 -1
-1 -1
-1 -1
-1 -1
-1 -1
-1 -1
-1 -1
-1 -1
-1 -1
-1 -1
-1 -1
-1 -1
4875 -1
-1 -1
-1 -1
-1 -1
-1 -1
-1 -1
-1 -1
-1 -1
-1 -1
-1 -1
-1 -1
-1 -1
-1 -1
-1 -1
-1 -1
-1 -1
4613 -1
-1 -1
-1 -1
-1 -1
-1 -1
-1 -1
4959 -1
-1 -1
-1 -1
-1 -1
-1 -1
-1 -1
-1 -1
-1 -1
-1 -1
-1 -1
-1 -1
-1 -1
4683 -1
-1 -1
-1 -1
-1 -1
-1 -1
-1 -1
-1 -1
-1 -1
-1 -1
-1 -1
-1 4774
-1 -1
-1 -1
-1 -1
-1 -1
-1 -1
-1 4825
-1 -1
-1 -1
-1 -1
-1 -1
-1 -1
-1 -1
-1 -1
-1 -1
-1 -1
-1 -1
-1 -1
-1 -1
-1 -1
-1 -1
-1 -1
-1 -1
-1 -1
-1 -1
-1 -1
-1 -1
-1 -1
-1 -1
-1 -1
-1 -1
-1 -1
-1 -1
-1 -1
-1 -1
-1 -1
-1 -1
-1 -1
-1 4697
-1 -1
-1 4936
-1 -1
-1 -1
-1 -1
-1 -1
-1 4947
-1 -1
-1 -1
-1 -1
-1 -1
-1 -1
-1 -1
-1 -1
-1 -1
-1 -1
-1 -1
-1 -1
-1 -1
-1 -1
-1 -1
-1 -1
-1 -1
-1 -1
4872 -1
-1 -1
-1 -1
-1 -1
-1 -1
-1 4981
-1 -1
4909 -1
-1 -1
-1 -1
-1 -1
-1 -1
-1 -1
-1 -1
-1 -1
-1 -1
-1 -1
-1 -1
-1 -1
-1 -1
4781 -1
-1 -1
-1 -1
-1 -1
-1 -1
-1 -1
-1 4885
-1 -1
-1 -1
-1 -1
-1 -1
-1 4818
-1 -1
-1 -1
-1 -1
-1 -1
-1 -1
-1 -1
-1 -1
-1 -1
-1 -1
-1 -1
-1 -1
-1 -1
4779 -1
-1 -1
-1 -1
-1 -1
-1 -1
4861 -1
-1 -1
4949 -1
-1 -1
-1 -1
-1 -1
4968 -1
-1 -1
-1 -1
-1 -1
-1 -1
-1 -1
-1 -1
4994 -1
-1 -1
-1 -1
-1 -1
-1 -1
-1 -1
-1 -1
-1 -1
4868 -1
-1 -1
-1 -1
-1 -1
-1 -1
-1 -1
-1 -1
-1 -1
-1 -1
-1 -1
-1 -1
-1 -1
-1 -1
-1 -1
-1 -1
-1 -1
-1 4784
-1 -1
-1 -1
-1 -1
-1 -1
-1 -1
-1 -1
-1 -1
-1 -1
-1 -1
-1 -1
-1 -1
4878 -1
-1 -1
-1 -1
-1 -1
-1 -1
-1 -1
-1 -1
-1 -1
-1 -1
-1 -1
-1 -1
-1 -1
-1 -1
-1 -1
-1 -1
-1 -1
-1 -1
-1 -1
-1 -1
-1 -1
4969 -1
-1 -1
-1 -1
-1 -1
-1 -1
-1 -1
-1 -1
-1 -1
-1 -1
-1 -1
-1 -1
4998 -1
-1 -1
-1 -1
-1 -1
-1 -1
-1 -1
-1 -1
-1 -1
-1 -1
-1 -1
-1 -1
-1 -1
-1 -1
-1 -1
-1 -1
-1 -1
-1 -1
-1 -1
-1 -1
-1 -1
-1 -1
-1 -1
-1 -1
-1 4977
-1 -1
-1 -1
-1 -1
-1 -1
-1 -1
-1 -1
-1 -1
-1 -1
-1 -1
-1 -1
-1 -1
-1 -1
-1 -1
-1 -1
-1 4928
-1 -1
-1 -1
-1 -1
-1 -1
-1 -1
-1 -1
-1 -1
-1 -1
-1 -1
-1 -1
-1 -1
-1 -1
-1 -1
-1 -1
-1 -1
-1 -1
-1 -1
-1 -1
-1 -1
-1 -1
-1 -1
-1 -1
-1 -1
-1 -1
-1 -1
-1 -1
-1 -1
-1 -1
-1 -1
-1 -1
-1 -1
-1 -1
-1 -1
-1 -1
-1 -1
-1 -1
-1 -1
-1 -1
-1 -1
-1 -1
-1 -1
-1 -1
-1 -1
-1 -1
-1 -1
-1 -1
-1 -1
-1 -1
-1 -1
-1 -1
-1 -1
-1 -1
-1 -1
-1 -1
-1 -1
4931 -1
-1 -1
-1 -1
-1 -1
-1 -1
-1 -1
-1 -1
-1 -1
-1 -1
-1 -1
-1 -1
-1 -1
-1 -1
-1 -1
-1 -1
-1 -1
-1 -1
-1 -1
-1 -1
-1 -1
-1 -1
-1 -1
-1 -1
-1 -1
-1 -1
-1 -1
-1 -1
-1 -1
-1 -1
-1 -1
-1 -1
-1 -1
-1 -1
-1 -1
-1 -1
-1 -1
-1 -1
-1 -1
-1 -1
-1 -1
-1 -1
4964 -1
-1 -1
-1 -1
-1 -1
-1 -1
-1 -1
-1 -1
-1 -1
-1 -1
-1 -1
-1 -1
-1 -1
-1 -1
-1 -1
-1 -1
-1 -1
-1 -1
-1 -1
-1 -1
-1 -1
-1 -1
-1 -1
-1 -1
-1 -1
-1 -1
-1 -1
-1 -1
-1 -1
-1 -1
-1 -1
-1 -1
-1 -1
-1 -1
-1 -1
-1 -1
-1 -1
-1 -1
-1 -1
-1 -1
-1 4992
-1 -1
-1 -1
-1 -1
-1 -1
-1 -1
-1 -1
-1 -1
-1 -1
-1 -1
-1 -1
