3000 6000
0 407 2162
0 2738 2638
0 2388 1973
1 2388 1973
1 2738 2638
1 407 2162
0 1236 180
1 1236 180
0 637 1300
0 2104 1002
0 692 2759
0 224 258
0 2599 2992
0 1660 2750
0 2935 1139
1 2599 2992
1 1660 2750
1 224 258
0 649 621
0 2711 1010
0 169 119
1 637 1300
1 169 119
0 2264 997
0 722 1800
0 348 776
1 692 2759
0 1839 1708
1 722 1800
0 563 756
0 1726 538
0 2112 2678
0 358 35
0 1665 456
1 563 756
0 2705 1332
1 2104 1002
0 1747 1141
0 2453 325
1 2711 1010
0 2218 357
0 2513 297
0 19 1109
1 1747 1141
1 1839 1708
1 2935 1139
0 1073 642
1 2112 2678
0 2589 440
1 1726 538
0 2213 2321
1 2218 357
0 1831 390
0 976 2160
0 2821 1140
0 812 2432
0 188 1675
0 1206 1112
1 1206 1112
0 1363 2393
0 2446 1620
0 282 2822
1 2213 2321
0 1559 1298
1 2705 1332
0 346 1469
0 1566 2999
0 128 965
0 2405 946
0 213 214
0 2424 1362
0 214 2584
0 1662 2227
0 1771 1016
0 2035 2801
1 358 35
0 1150 1222
0 838 620
0 2045 1990
0 1207 412
1 1665 456
1 1363 2393
1 1662 2227
0 618 1974
0 1957 1775
0 2754 2848
0 2967 609
0 882 232
0 2852 2012
1 838 620
0 129 1720
0 487 2558
0 2085 2333
0 773 2924
1 649 621
0 374 2102
0 2017 1416
1 2424 1362
0 2782 1776
1 1831 390
0 706 124
0 515 2860
0 283 2119
0 1223 518
0 1506 1828
0 2016 2970
1 346 1469
0 405 203
0 259 2838
0 699 1139
0 819 847
0 2635 1243
1 2035 2801
1 773 2924
0 657 2051
0 1376 2178
0 2078 2630
1 699 1139
0 1230 1373
1 348 776
0 1245 1934
0 685 930
1 1073 642
0 2374 2416
0 569 2113
1 2017 1416
1 1957 1775
1 2589 440
0 2992 295
1 19 1109
0 122 1149
0 1712 1325
0 2267 1461
1 882 232
1 2085 2333
0 2933 1428
1 1376 2178
1 1230 1373
0 2380 2875
0 1431 613
0 2258 279
1 2374 2416
1 2992 295
1 2258 279
0 1081 960
0 1936 1580
0 605 2595
1 976 2160
0 40 79
1 259 2838
0 2175 191
1 2380 2875
0 900 1817
1 213 214
0 2832 2940
0 1010 2253
1 1223 518
1 122 1149
0 614 2154
1 819 847
0 534 2743
0 1016 1605
0 854 1559
0 2514 1799
0 144 2073
0 205 2601
0 1050 359
0 743 1069
0 2740 580
0 1604 2138
0 2325 2706
0 2251 650
0 2015 2777
0 644 1005
0 489 1056
0 1270 2920
1 2453 325
0 2662 2879
0 2728 153
0 2106 1314
0 2599 3
1 569 2113
0 2492 2809
0 2806 877
1 1270 2920
1 1150 1222
1 2045 1990
0 2148 2174
0 476 2759
0 1383 39
0 71 652
0 1968 2620
0 1855 514
0 2507 2696
0 965 1364
0 1469 685
0 482 215
1 214 2584
1 2806 877
1 1207 412
0 358 423
1 1383 39
0 2683 2016
0 295 2395
1 2821 1140
1 1081 960
1 128 965
0 2325 2014
0 886 463
0 2965 800
0 2948 1801
0 627 1199
1 1855 514
0 2458 2136
0 559 2284
0 867 2436
0 2743 1554
1 2740 580
0 2339 200
0 539 824
1 2743 1554
1 2078 2630
1 2852 2012
0 102 324
0 2217 2934
0 2808 1474
0 2182 219
0 2702 2895
0 972 1130
0 784 2839
0 1279 144
0 923 2404
0 214 2332
0 2453 1335
0 1985 2627
1 534 2743
0 107 1238
0 1804 178
0 1520 1011
1 358 423
1 374 2102
1 2507 2696
1 2405 946
1 2832 2940
0 60 1266
0 1803 1635
0 188 1254
1 283 2119
0 2605 2110
1 487 2558
0 1377 2851
0 301 1490
0 1828 1727
0 1546 2066
1 2782 1776
0 2283 2009
0 724 2803
1 2635 1243
1 2967 609
0 1601 1170
0 1476 166
0 1328 355
0 2008 244
1 1245 1934
0 789 1870
0 1979 417
0 1693 2764
1 144 2073
1 2182 219
0 2741 2278
0 377 124
1 1712 1325
0 2329 1322
0 918 1621
0 411 1841
0 1060 2030
0 2413 1056
1 2148 2174
1 1936 1580
0 711 750
1 2329 1322
1 515 2860
0 1817 376
0 2028 845
0 747 2550
1 706 124
0 749 243
0 2197 249
0 1487 1409
1 685 930
0 1961 1852
0 706 1713
0 1733 2434
0 772 237
0 150 939
0 154 998
1 854 1559
0 1254 1357
1 71 652
1 2028 845
0 1803 494
0 1217 95
0 1976 1091
0 2491 1054
0 1367 1572
0 544 400
0 515 606
1 1016 1605
0 1548 1798
0 142 87
0 328 2154
1 2217 2934
0 2107 2588
0 912 2826
1 784 2839
1 627 1199
0 1131 1673
0 1221 2962
0 1713 648
0 1572 916
0 1896 1579
0 77 1788
1 1828 1727
1 2325 2706
0 2652 251
0 2882 2777
0 178 1566
1 1217 95
0 677 89
0 2517 1820
1 2965 800
0 2395 514
0 422 1565
0 2091 698
0 816 1725
0 2533 1616
0 1010 870
0 2097 1739
0 2914 520
0 2217 526
0 2816 1068
0 778 2399
0 2253 2637
1 214 2332
0 2648 512
0 265 1985
1 2175 191
0 2162 1062
1 918 1621
0 117 19
1 2933 1428
0 2166 1510
0 421 2216
0 1560 184
1 1979 417
1 2253 2637
0 2834 2278
1 1566 2999
0 2230 653
0 647 3000
0 2242 816
0 2201 930
0 2246 2125
0 1538 2913
0 1972 626
0 762 2589
0 1368 1017
1 515 606
1 2754 2848
1 677 89
0 2813 2303
0 1971 907
0 1655 150
0 2938 2954
0 438 1065
0 1856 945
0 700 2919
0 326 1189
1 657 2051
1 1254 1357
1 405 203
1 1771 1016
1 2446 1620
1 2491 1054
1 117 19
0 1776 45
0 288 1190
1 2683 2016
0 1348 2346
0 2717 763
0 1164 1914
0 1277 280
0 829 231
0 26 162
0 1719 2558
0 2497 2168
1 2599 3
1 2948 1801
1 2230 653
0 1011 1926
1 2267 1461
1 539 824
0 271 2243
0 2300 2521
0 2797 2788
0 1583 2464
0 2219 425
1 295 2395
0 914 2746
0 1040 605
1 1548 1798
1 2514 1799
1 1601 1170
0 945 93
0 948 2483
1 1560 184
0 1406 204
0 2783 130
0 1290 1795
0 2905 725
0 2986 760
0 2826 2804
0 249 1869
0 2161 2847
0 1906 991
1 2015 2777
0 1605 2605
1 1733 2434
0 208 39
0 635 1693
0 1135 939
0 887 2325
0 514 2903
0 533 1082
0 1831 477
1 2413 1056
0 2101 1917
0 1488 2615
0 1598 579
0 413 333
0 2434 2625
0 2348 126
1 2008 244
0 624 2424
1 2219 425
0 1027 1031
0 168 2105
0 2905 583
0 1874 234
0 587 2909
1 1060 2030
0 985 1566
0 782 2121
0 1109 2518
0 1829 632
1 328 2154
1 1968 2620
1 1487 1409
0 2195 2998
0 2421 1125
1 900 1817
0 1289 449
1 413 333
1 1050 359
0 1998 1689
1 972 1130
0 2173 1184
0 2557 1521
0 1147 2583
1 2395 514
0 2519 1713
1 700 2919
0 624 2374
1 867 2436
1 2107 2588
0 717 1781
0 303 2818
0 2049 2380
0 836 2276
1 1010 2253
0 2051 63
0 233 2131
0 2666 2775
0 1399 284
0 1538 1621
0 2413 1280
1 1719 2558
0 574 486
1 985 1566
0 2578 2941
1 1598 579
0 2543 254
0 584 1769
0 2807 2201
1 2914 520
0 1676 76
1 1655 150
0 1169 1413
1 945 93
0 1334 2841
0 295 1327
1 2662 2879
0 1103 993
0 1457 814
0 849 578
0 2581 1050
0 1059 2059
0 2133 1209
1 1221 2962
0 2774 2860
1 1109 2518
1 587 2909
1 965 1364
0 2329 2728
0 661 1140
0 494 473
0 2216 2517
0 822 1104
0 904 2614
1 1693 2764
1 77 1788
0 833 2109
0 264 1972
0 195 2137
0 2438 260
0 401 2900
0 2780 2231
0 1907 661
1 2808 1474
0 926 2678
1 724 2803
1 2246 2125
1 2329 2728
0 2734 334
0 2649 976
0 1774 1143
1 142 87
0 567 2640
0 1756 1389
1 326 1189
0 94 2657
1 1334 2841
0 1230 682
1 661 1140
1 762 2589
1 2097 1739
1 2797 2788
0 2417 1127
0 2834 2730
0 1734 166
1 2905 583
0 1910 747
1 822 1104
0 2733 507
0 1286 193
0 1898 337
0 2430 2399
1 2325 2014
0 706 543
0 1426 1090
1 2051 63
0 964 1010
0 1738 1266
0 1828 2506
0 2682 782
0 879 1895
1 2702 2895
1 2166 1510
0 1099 1973
0 296 2100
0 2266 1689
1 2605 2110
0 652 1746
0 2380 335
1 1520 1011
0 2371 637
0 1773 2339
0 1932 1060
0 1076 436
0 2491 2371
1 2807 2201
0 2775 2688
1 624 2374
0 2827 187
0 726 140
0 707 1928
1 711 750
1 2497 2168
0 1954 899
0 1770 2314
0 2852 1709
0 417 1569
0 2175 517
0 1497 2925
1 726 140
0 981 1059
0 2065 143
1 1328 355
0 1593 2663
1 1131 1673
0 2808 749
0 2193 2796
1 1605 2605
1 747 2550
0 2098 180
0 1000 1112
0 220 1859
1 2161 2847
0 1262 1979
1 1059 2059
1 288 1190
0 1720 1665
0 845 1333
0 1826 2280
1 926 2678
0 179 2041
1 1262 1979
1 2430 2399
1 2783 130
1 1099 1973
1 168 2105
0 32 743
0 1524 1862
0 2479 1010
1 1399 284
1 2517 1820
0 1714 1827
0 1169 1450
0 1578 1452
0 2515 2711
0 302 1577
0 1867 2203
0 2754 2245
1 107 1238
1 2434 2625
1 482 215
0 405 479
1 772 237
1 1976 1091
0 2087 2775
0 2224 369
0 1363 2327
0 341 46
1 2162 1062
0 2087 330
0 215 2082
0 1825 1365
1 1469 685
0 2837 2653
0 144 1651
1 948 2483
0 1205 31
0 2033 360
0 2689 2501
0 1262 1342
0 1393 2152
0 492 1381
0 1017 1821
0 379 435
0 1437 935
1 2201 930
0 89 1504
0 1517 1477
0 693 1458
0 2920 437
0 1911 1573
0 2691 639
0 1075 1423
0 1416 840
1 2648 512
1 2728 153
0 1279 1901
0 2231 2545
0 1654 2759
0 2380 2174
1 102 324
1 341 46
1 886 463
0 1123 2899
0 38 1637
0 1349 2026
1 816 1725
0 554 2064
1 1040 605
0 2211 425
0 2011 2587
1 1488 2615
0 2004 2658
1 1604 2138
0 2255 622
0 2610 1432
0 1597 846
0 1021 1061
0 489 2737
0 403 2454
0 584 66
0 177 1066
0 6 699
0 1290 1386
0 981 2984
0 1115 209
0 2008 2164
0 2047 357
0 2359 1286
0 185 669
1 923 2404
0 569 1520
0 2149 1877
0 1741 2863
0 1180 2267
0 1554 1762
0 2833 1109
0 2543 2881
0 481 2494
0 864 1918
0 2342 2697
0 1321 1659
0 1297 2584
1 1867 2203
1 150 939
1 2492 2809
0 1764 958
1 481 2494
1 1559 1298
0 2622 2026
1 706 1713
1 778 2399
0 1583 364
0 2447 2551
0 2245 1617
0 2937 1046
1 60 1266
0 1689 1445
0 762 1658
0 272 2655
1 1377 2851
0 2748 2865
0 2804 1945
1 2513 297
0 2074 134
0 2996 629
1 188 1675
0 2158 2258
0 2882 1298
0 2591 1534
1 812 2432
1 1076 436
0 2176 340
1 249 1869
0 1971 2578
1 887 2325
0 1026 687
1 1115 209
0 2993 2486
1 1027 1031
1 2300 2521
0 2593 1485
1 2937 1046
1 559 2284
0 1803 2416
0 1239 689
0 2930 340
0 2435 963
0 2851 269
0 2169 2769
1 1017 1821
0 2925 1394
1 129 1720
0 1478 410
1 1437 935
0 1509 1253
0 2970 686
0 1733 2494
0 198 2762
0 1779 2125
0 2820 2346
0 842 1360
0 851 2610
1 912 2826
1 272 2655
0 1766 1392
0 1816 2699
1 1286 193
1 1546 2066
0 1100 2285
1 296 2100
0 1012 1717
1 2543 2881
0 714 840
0 2311 1151
0 1236 2364
0 2793 542
0 1060 623
0 820 66
0 1106 2524
0 920 1730
0 1115 993
0 1515 1608
0 194 2616
0 404 1414
0 1084 72
1 1416 840
0 2162 1240
0 1212 2599
1 188 1254
1 1971 907
1 1874 234
0 1716 2700
0 226 2365
0 895 2113
1 789 1870
1 2458 2136
0 946 1820
0 206 2270
1 1733 2494
0 1683 2910
0 2318 2743
0 170 907
0 2026 174
1 1431 613
1 829 231
0 452 1972
0 1619 2104
0 2921 727
1 265 1985
0 187 2322
0 2408 603
0 988 725
0 2107 1790
0 251 2990
1 422 1565
1 1716 2700
0 2273 2597
1 644 1005
0 2062 2386
0 2004 2412
1 2339 200
1 1856 945
0 1553 2271
1 301 1490
1 205 2601
0 2198 1484
1 574 486
0 796 1515
0 1989 48
1 1367 1572
0 253 2738
0 2976 2032
0 539 2692
1 489 1056
0 1844 1898
0 256 187
0 701 1206
1 1554 1762
0 1023 2379
1 2543 254
1 2453 1335
0 1870 2409
0 965 1489
0 868 1304
0 2602 945
0 207 1984
0 283 881
0 2813 722
0 2819 2753
1 2813 2303
1 26 162
0 2135 2969
0 2212 1269
0 1024 2073
0 2958 2854
0 1353 2891
1 514 2903
0 1469 2045
1 1954 899
1 1803 494
1 2666 2775
0 425 1000
0 32 1653
1 1572 916
0 2285 15
0 1735 258
0 242 2302
1 226 2365
1 2533 1616
1 1989 48
0 527 1692
0 2576 2345
0 1459 2907
1 1896 1579
0 736 2331
0 2311 476
0 296 801
0 575 820
0 2634 566
0 290 223
1 32 743
1 1553 2271
1 652 1746
1 438 1065
0 2132 1380
1 1010 870
1 2976 2032
0 17 1025
1 2652 251
0 2228 2873
0 2890 1711
1 2087 330
1 868 1304
0 977 2436
0 344 551
0 2982 1770
0 2953 210
0 620 2416
1 2754 2245
0 1304 2631
0 2635 1874
1 377 124
0 598 294
0 1020 1944
1 290 223
0 2757 2886
1 198 2762
0 2769 1586
0 706 228
0 891 134
0 1335 2954
1 1578 1452
1 2733 507
0 1168 2186
0 1262 976
0 1192 2964
0 938 2614
1 849 578
0 1675 1611
0 691 1895
0 1463 2638
0 2609 2156
0 279 213
0 2302 2054
1 2958 2854
0 2096 2309
1 2348 126
0 1865 1465
0 413 651
0 2021 71
0 395 2430
0 1975 2464
0 252 1146
1 575 820
0 1173 1552
0 1406 322
0 2121 2466
0 1692 2316
0 69 2253
0 184 1815
0 363 595
0 14 679
1 2515 2711
1 178 1566
0 2636 1296
0 1727 1021
0 1685 1032
1 1766 1392
0 2346 692
1 208 39
1 2197 249
1 2417 1127
0 1469 1422
0 2394 2104
0 2385 1626
1 2780 2231
1 425 1000
1 1459 2907
0 455 1420
0 40 2503
1 17 1025
0 1750 2966
0 1138 1228
0 1931 371
0 690 1174
1 1497 2925
1 1205 31
1 2808 749
0 1226 408
0 2468 1041
0 2824 2548
0 1537 761
0 29 435
1 2622 2026
1 1106 2524
0 2445 1800
0 834 1333
0 2308 1866
0 792 10
0 2886 652
0 1338 2994
0 801 2046
0 1427 750
0 1768 1033
0 2562 1894
0 466 2933
0 1406 748
0 789 2520
0 2760 826
0 1103 2753
0 216 767
0 571 2218
0 1258 983
0 486 1468
1 2636 1296
1 1906 991
0 2995 2507
0 1886 2052
1 302 1577
1 624 2424
0 2378 2266
0 2991 813
0 597 1560
1 782 2121
0 2943 744
1 421 2216
0 150 692
1 2242 816
0 2817 1889
0 1292 78
0 2095 1701
0 1702 1385
0 481 2713
0 1335 970
0 2647 2530
0 1128 665
1 1348 2346
0 2453 616
1 533 1082
0 2919 1774
0 1656 674
0 2775 1214
0 473 18
1 2231 2545
1 29 435
0 725 2846
1 1103 993
1 988 725
1 1180 2267
0 893 1117
0 1163 2769
0 2931 2443
1 2609 2156
0 2310 2335
1 1870 2409
0 1547 178
0 289 1959
0 1055 503
0 1245 37
1 1776 45
0 718 2742
0 501 16
1 801 2046
0 929 1632
0 1217 356
0 1656 1467
1 2557 1521
0 811 2881
0 1062 865
0 2147 2800
1 1292 78
0 945 607
1 796 1515
0 1451 2392
1 2519 1713
0 169 1427
0 2379 1090
1 1426 1090
1 2757 2886
0 2502 2832
0 225 1807
0 2472 1013
0 2391 719
1 647 3000
1 1427 750
0 2707 668
0 25 744
0 609 186
1 89 1504
0 828 2242
1 1932 1060
0 1761 2639
0 908 1802
0 929 244
0 2823 2351
0 2303 1365
1 1173 1552
0 2460 2419
0 1946 351
0 1523 398
1 2445 1800
0 2756 1974
0 2062 2220
1 1756 1389
1 1147 2583
0 2647 2467
0 1720 899
0 2176 702
0 2378 1304
0 576 311
0 2599 1412
1 1828 2506
0 1967 638
0 1580 2901
1 1321 1659
0 437 2484
0 742 1089
0 1001 2924
0 1655 2382
0 1960 1946
1 1714 1827
0 1014 2947
0 2246 55
0 2153 2226
1 2011 2587
0 1868 1849
0 1275 2648
0 1479 225
0 2611 938
0 146 2938
0 608 1406
1 1734 166
1 296 801
0 518 1208
0 103 2186
1 2593 1485
0 2791 1571
0 333 1957
0 2605 1461
1 2819 2753
0 2222 1778
0 805 404
1 2216 2517
0 107 2890
0 292 2196
0 466 541
1 2101 1917
0 1902 1183
0 2347 1240
0 2145 2500
0 216 1651
0 2391 108
0 555 1854
1 2982 1770
0 991 1555
0 537 2704
1 1217 356
0 231 1421
0 2804 2949
0 1309 874
0 818 1489
1 1075 1423
1 2273 2597
1 2026 174
1 833 2109
1 2255 622
0 2146 584
0 2911 1842
1 789 2520
0 2932 803
1 1020 1944
0 2028 2872
1 1169 1413
1 1000 1112
0 528 1627
0 2577 1228
0 469 732
0 1279 2230
1 2581 1050
0 2350 2867
0 387 2982
0 2887 2500
0 2211 1802
0 2895 1564
0 2456 1995
1 1138 1228
0 66 1045
0 224 792
0 950 1388
0 1420 2649
1 1290 1386
1 2176 340
0 2810 55
1 2245 1617
0 1511 2563
1 1024 2073
1 2121 2466
0 374 584
1 455 1420
0 1986 1860
0 471 2736
0 2194 254
1 220 1859
1 1593 2663
1 2647 2530
0 1860 1248
0 2342 1765
1 1279 1901
0 1116 2061
0 1115 98
0 2995 2244
1 2793 542
0 554 921
0 1656 2189
0 2675 2049
0 1195 258
0 1467 1214
0 1273 1438
0 2358 1688
1 2827 187
0 398 1527
0 1530 2886
0 2485 1983
1 1720 1665
0 1779 520
1 2953 210
1 2153 2226
0 23 2552
0 1490 1562
0 1805 1643
1 2266 1689
1 1735 258
0 781 2867
0 555 338
1 1803 2416
0 752 2543
0 2225 274
1 185 669
0 733 1978
0 2633 2086
0 365 2633
0 29 309
0 706 2201
0 452 2120
0 2805 288
0 1610 810
0 2535 2496
0 1432 861
0 1340 2754
0 466 961
0 2788 232
0 22 1506
0 2848 2000
0 2922 1111
1 2682 782
1 295 1327
0 2595 2521
1 1275 2648
0 110 2722
0 2848 2963
0 1006 1218
0 2138 613
0 2018 1455
0 218 1102
1 2047 357
1 179 2041
1 489 2737
0 283 65
0 1491 1015
0 647 2959
1 845 1333
1 2995 2507
0 2858 2962
0 2181 818
0 2614 1963
0 550 422
1 1001 2924
0 2455 1595
1 187 2322
0 745 190
0 1085 342
0 2143 2217
0 1075 2655
0 1015 482
1 2175 517
0 1420 1685
0 2377 810
0 2061 311
0 78 924
0 1935 816
0 415 2580
0 1666 1976
1 620 2416
0 2985 1761
1 2074 134
0 2104 2922
0 946 150
0 2732 66
0 1106 1172
1 1478 410
1 2634 566
0 2705 1615
0 1087 2160
0 2301 2635
0 1162 20
0 1867 1408
0 1256 2363
0 235 1375
0 1356 394
0 191 259
0 2447 1836
0 1187 755
0 1642 1
1 169 1427
0 2663 216
1 1338 2994
0 375 1955
0 344 1272
0 1827 201
0 1760 822
0 1033 1130
0 671 2432
0 241 2712
0 2687 2856
1 1805 1643
0 619 187
0 1720 2926
0 2110 651
0 312 2646
1 2342 2697
0 374 2466
1 251 2990
1 1741 2863
0 2052 1702
1 1827 201
0 2571 355
0 879 503
0 1939 465
1 2760 826
0 211 358
0 2452 2158
1 2008 2164
0 148 887
0 2263 963
0 267 2407
1 1420 1685
0 2999 1371
0 2653 2909
0 2004 2848
0 845 2330
1 2033 360
1 1349 2026
1 2707 668
0 1572 1678
1 555 1854
0 2634 237
0 2734 2447
1 1610 810
0 2070 1795
0 2221 795
0 423 1598
1 2663 216
0 191 1455
1 1192 2964
0 1115 1592
1 2826 2804
0 42 2318
1 1277 280
0 2536 2909
0 1725 1786
1 605 2595
1 1597 846
0 2117 2105
0 236 2797
0 2089 2271
0 856 1078
1 252 1146
0 420 1000
1 2359 1286
0 977 1658
1 1886 2052
1 693 1458
0 1736 1
0 912 619
1 2817 1889
0 1079 1984
1 2413 1280
0 2839 362
0 487 2277
0 2194 2842
1 2162 1240
1 2634 237
0 1096 2489
0 2990 2945
0 11 1913
0 1897 2021
0 2832 2624
0 650 1537
0 1979 1133
0 2686 1144
0 648 1873
1 614 2154
0 1559 2028
0 1867 2038
0 3 165
0 416 747
0 1569 1934
0 1082 52
0 1364 175
0 2428 656
0 406 2272
1 743 1069
0 1495 101
0 765 435
0 1495 817
0 1221 2359
0 1661 978
0 1211 2776
0 430 1812
1 1804 178
0 398 1992
0 1916 898
1 946 1820
0 1022 1242
0 1273 1172
0 330 648
0 1156 2775
0 2449 1419
0 471 1907
0 2967 2852
1 2147 2800
0 2411 2827
1 2311 476
0 1106 2223
1 312 2646
0 1034 2195
0 1767 1916
1 618 1974
0 2867 2549
0 1335 1868
0 2513 1057
1 1457 814
0 2696 472
0 1237 962
0 1291 1714
1 2931 2443
1 195 2137
0 2718 2733
1 473 18
0 1406 1214
0 625 526
1 271 2243
0 2617 2326
0 2006 2387
1 836 2276
1 2264 997
0 1619 351
1 2021 71
0 113 2030
1 191 1455
1 492 1381
0 1157 1758
1 920 1730
0 1648 2369
0 1258 1955
1 403 2454
1 365 2633
1 282 2822
1 2283 2009
0 1900 319
0 1840 1264
0 374 70
0 1387 1609
0 100 1720
0 1357 2293
1 233 2131
0 2165 1456
0 868 1560
0 882 2631
0 2552 2390
0 2709 903
0 1317 2889
1 40 79
0 429 1821
1 466 961
1 94 2657
1 216 1651
0 2445 147
0 2611 156
1 1432 861
0 2860 1785
0 2387 691
0 272 2325
1 946 150
1 2687 2856
0 651 1478
0 253 498
0 1424 2205
0 838 1613
1 2198 1484
1 1967 638
0 1832 816
0 107 2098
1 707 1928
0 2830 728
0 2390 786
1 2895 1564
0 1769 1
1 544 400
0 2685 1080
1 2421 1125
0 1647 2760
1 2804 2949
1 1221 2359
0 1399 2027
0 2921 2616
1 717 1781
0 2899 996
0 1852 2304
1 2438 260
0 1510 2689
1 1971 2578
0 256 2144
0 178 1133
0 2842 1749
1 2016 2970
0 211 1380
1 1289 449
0 744 488
1 2985 1761
0 233 349
0 1733 2144
1 401 2900
1 2106 1314
0 1331 2932
0 1377 1866
0 822 197
1 981 1059
0 1525 2820
0 394 482
0 2819 145
0 1236 2832
0 527 819
1 2938 2954
0 647 1818
1 2371 637
1 2905 725
1 476 2759
0 2833 825
0 1889 1302
0 132 511
1 1825 1365
0 2659 2011
0 1348 1003
0 1646 1130
0 2678 2303
0 1683 580
0 429 920
1 1023 2379
0 2463 2580
0 2186 1677
1 2970 686
0 2947 400
0 562 1171
0 1667 2905
0 1877 255
0 1329 2487
0 334 272
0 2974 578
0 1995 92
0 2371 261
0 31 2661
0 2959 407
0 1177 333
1 736 2331
0 1146 2458
1 1769 1
0 530 948
1 1012 1717
0 1022 2468
0 470 2695
0 1972 606
0 966 1074
0 860 831
0 1902 444
0 1106 947
1 2610 1432
0 1252 1780
0 2355 1004
1 2734 2447
0 186 83
1 1972 626
0 643 2385
1 527 819
0 803 651
1 292 2196
0 2312 2787
0 1072 1081
0 1586 156
0 2223 1207
1 1774 1143
0 531 2867
1 1986 1860
1 635 1693
1 78 924
0 2387 991
0 209 778
1 471 1907
0 1412 747
1 2169 2769
0 289 2395
0 2348 86
0 2936 2164
0 650 60
0 1793 1205
0 1528 1693
0 1872 1945
1 554 2064
0 283 286
0 1592 398
0 688 975
0 2912 2839
1 1817 376
1 834 1333
0 2127 497
1 2920 437
1 1517 1477
1 215 2082
0 1043 1404
0 112 2512
0 110 2641
0 846 1550
0 2703 1177
0 1291 2878
0 1118 637
1 981 2984
0 2611 2421
0 2652 216
0 1720 665
1 2921 727
0 799 1833
0 1742 650
0 2629 293
0 1008 1169
0 1693 2416
0 2236 2816
0 1019 594
1 2986 760
0 204 2418
0 1989 1465
1 2468 1041
0 650 2942
1 2378 1304
1 1420 2649
0 1223 129
0 2509 1469
0 1248 2760
0 2878 918
0 972 2651
0 1904 2949
0 2178 2567
0 847 2265
0 478 2377
0 539 804
0 2189 152
0 1774 706
1 688 975
1 1290 1795
1 929 244
1 1406 204
0 1085 1647
0 1709 13
1 2820 2346
0 513 591
0 443 2806
0 1099 559
0 593 1692
1 531 2867
0 2589 2431
1 1011 1926
1 236 2797
1 1538 1621
0 2653 419
0 564 394
0 842 33
0 2838 216
0 263 2791
1 1656 1467
0 125 2415
0 161 1275
0 462 2204
0 1562 1164
1 1961 1852
0 1625 198
1 1135 939
0 1359 2866
0 2690 1809
0 2091 2182
0 2053 2829
0 2918 1616
0 2218 2784
1 423 1598
1 1647 2760
1 2591 1534
0 1445 54
0 1944 258
0 1946 1579
0 1030 1582
0 1909 2144
0 1402 1823
0 200 357
0 116 2262
0 2181 1831
1 154 998
0 2024 2370
0 1154 405
0 456 1924
1 597 1560
0 2225 1291
0 1589 2227
0 2089 2461
0 389 1596
1 1760 822
0 576 1614
0 799 2466
0 2144 2991
1 178 1133
0 913 2851
1 2813 722
0 1730 1145
1 1675 1611
0 622 70
1 2882 1298
0 33 2203
0 80 1320
0 1243 586
0 1204 785
0 1132 2061
0 1292 2579
1 1164 1914
1 820 66
1 1279 144
0 417 232
0 2395 611
1 1803 1635
1 2571 355
0 19 66
0 343 2024
0 880 1417
0 2094 2457
0 1711 1228
1 845 2330
0 1390 1521
0 257 1196
0 2605 1918
1 1654 2759
0 1211 1227
1 1730 1145
0 1209 751
0 2117 2501
0 1701 1326
0 1580 2610
0 2386 2380
0 1730 1003
0 2867 2302
1 6 699
0 2109 1090
0 798 2521
1 929 1632
0 2013 926
0 2097 2047
1 110 2722
1 11 1913
0 975 2212
1 2930 340
1 2690 1809
0 1095 278
0 565 2791
0 2902 365
1 2217 526
0 1828 458
1 2851 269
0 1002 1134
0 397 2929
1 1689 1445
0 2873 1325
1 1154 405
1 701 1206
1 2689 2501
0 1894 1914
0 1840 2496
0 1957 916
0 2637 2969
0 2763 2502
1 1655 2382
1 470 2695
0 1768 2357
0 1353 2211
1 1946 1579
0 2687 2316
0 2555 1179
1 2107 1790
1 2018 1455
0 1542 2629
1 194 2616
0 982 734
0 2790 2513
0 2786 2609
1 1872 1945
1 1831 477
1 113 2030
1 1764 958
0 2037 2764
0 2797 2026
1 2308 1866
0 102 352
1 2919 1774
0 198 2984
0 2908 502
1 1646 1130
0 2727 2677
0 968 935
0 2702 2140
0 1749 2912
1 303 2818
0 1641 1821
1 1262 1342
1 762 1658
0 1429 77
1 904 2614
0 1369 1040
1 494 473
0 797 2824
0 2481 2403
0 2861 1794
1 486 1468
0 503 877
1 2181 818
0 1658 2371
1 1867 1408
0 424 393
0 2339 846
1 2211 425
1 879 1895
0 2998 280
1 2087 2775
0 2688 2974
0 1237 2087
0 699 1295
1 2224 369
0 81 1312
0 2382 1300
0 917 2298
0 333 1658
0 2694 615
0 594 711
1 1146 2458
1 2146 584
1 1998 1689
1 2899 996
1 283 881
1 908 1802
0 2684 1880
0 760 1989
0 310 1150
0 2542 1072
0 589 289
0 394 1264
0 1396 617
1 2834 2730
0 838 2128
0 52 1671
0 2216 2597
1 2070 1795
1 2911 1842
0 2653 1315
0 10 2
0 1902 439
1 1909 2144
1 1100 2285
0 1187 1743
1 31 2661
0 418 850
0 790 1373
1 760 1989
0 2118 2244
1 1490 1562
0 1929 754
1 2138 613
0 57 401
1 429 1821
0 650 1612
1 184 1815
0 40 2005
1 1377 1866
0 649 971
0 1796 1327
1 2491 2371
0 990 2578
1 38 1637
0 1812 1341
0 32 2152
1 2653 2909
0 1514 1264
1 2411 2827
1 2387 691
0 67 59
0 179 407
1 2223 1207
1 964 1010
0 788 1990
1 2310 2335
1 527 1692
0 2311 648
0 2048 2381
0 722 2515
0 2002 994
1 1641 1821
1 571 2218
1 405 479
0 161 1291
0 1793 2184
1 1975 2464
1 1123 2899
1 2311 1151
0 231 1599
1 415 2580
0 1870 2797
0 2352 2925
1 1356 394
0 1497 1867
1 144 1651
1 2463 2580
0 388 1807
0 2184 1141
0 948 2503
0 2166 1949
0 2009 1593
0 39 2822
1 2686 1144
0 2358 1076
1 2867 2549
0 684 757
0 453 408
1 2004 2658
0 682 1950
1 2379 1090
0 2891 258
0 704 2510
0 1302 267
1 1995 92
0 2296 2773
0 2645 1986
1 1523 398
1 828 2242
0 914 842
0 372 2385
0 601 2151
0 2258 653
0 823 1979
1 1720 899
0 12 2047
0 457 1146
0 1775 1464
1 1340 2754
0 2483 144
0 157 2059
0 981 2186
0 2887 2392
0 2520 484
0 2418 1220
1 374 584
1 103 2186
0 594 388
0 766 966
1 2918 1616
0 2362 1690
0 2209 2230
0 1204 2185
0 1240 2564
0 458 98
0 1363 2442
1 2065 143
1 458 98
1 437 2484
0 2354 2054
1 1115 993
0 557 610
0 1257 1662
1 1168 2186
0 1174 353
1 395 2430
0 1338 2650
0 2928 1716
0 1547 1915
1 2144 2991
0 2699 2252
0 1273 1545
0 1026 929
1 2117 2501
1 2837 2653
0 2078 1217
0 2295 1924
0 2489 2923
1 1118 637
0 2027 2145
1 2391 719
0 2458 461
0 909 1271
0 2291 2975
0 1457 1834
1 40 2503
0 199 2754
0 844 1617
0 1123 249
1 466 2933
1 2611 938
0 2500 2809
0 1864 4
0 192 2467
1 200 357
0 1385 559
1 372 2385
0 2889 919
0 979 1046
0 2082 528
1 895 2113
0 1176 1837
0 718 806
1 1589 2227
1 584 66
0 1967 1954
0 1400 2510
1 2788 232
0 321 1625
0 2821 2029
1 965 1489
1 2158 2258
1 2091 698
0 590 2524
1 979 1046
0 2146 833
0 1944 188
0 2539 1579
0 2965 911
0 2773 1200
0 2429 2642
0 2237 418
1 2445 147
1 1547 178
1 256 2144
0 2756 2646
1 2435 963
0 2890 71
0 496 1951
0 1785 2112
1 880 1417
1 948 2503
0 2463 1309
0 2775 1399
0 1788 1922
0 2383 966
0 2203 2110
0 2676 2349
0 812 324
0 1841 948
0 513 2160
0 2856 2478
0 1754 1625
1 2385 1626
0 2448 622
0 929 1954
1 2311 648
0 881 2278
0 2566 1312
0 1341 57
0 2228 2041
0 1689 2231
1 1106 1172
0 234 2436
1 10 2
0 1079 412
1 2258 653
0 138 2997
0 1255 488
0 2143 1307
1 2228 2873
1 893 1117
0 511 72
1 1273 1438
1 765 435
0 157 688
0 2325 1346
1 1515 1608
0 1593 2555
1 209 778
0 2821 2727
1 469 732
1 576 1614
1 2860 1785
0 2572 424
0 295 1216
0 2339 856
0 1350 2845
0 2899 1553
0 704 2957
0 1154 43
1 1132 2061
0 207 2194
1 1720 665
0 1385 1291
0 240 2440
0 733 711
0 2519 2610
0 751 719
0 373 1457
0 2117 1903
0 1127 1834
1 19 66
1 1733 2144
0 876 2607
0 1594 505
1 1491 1015
1 2318 2743
1 714 840
0 1124 800
0 1723 1659
0 2047 2658
1 1163 2769
1 2902 365
0 1967 1154
0 42 2899
0 2054 1166
1 1479 225
0 2676 527
1 478 2377
1 343 2024
0 1819 1417
0 2075 727
0 1465 2992
1 1685 1032
0 26 864
0 567 1228
0 1231 1964
0 787 1629
1 1720 2926
0 283 2001
1 1353 2891
0 1374 318
0 579 1465
1 1396 617
0 980 1214
0 1653 2427
0 2940 1559
1 2117 1903
1 2790 2513
0 2283 749
0 2890 16
0 1861 2737
0 2833 1741
1 363 595
1 2302 2054
0 547 2145
0 1288 2907
0 1786 1095
1 310 1150
1 1406 748
0 1134 2300
0 2574 2359
0 2073 619
0 2407 594
0 381 1458
1 1465 2992
1 1537 761
1 2186 1677
0 2376 2484
0 1767 2084
0 1938 318
1 2225 1291
0 1695 2714
1 1034 2195
0 1286 41
0 1904 629
0 14 1659
1 1730 1003
1 39 2822
1 1580 2610
0 1210 931
1 283 2001
0 179 2810
0 1721 339
0 195 956
1 2614 1963
0 2425 111
1 2132 1380
0 1961 1987
0 1729 2945
1 1935 816
0 2362 2979
0 2446 1425
1 256 187
0 249 1193
0 1441 2414
0 2686 1016
0 940 2252
0 306 100
0 2005 2292
0 1257 701
0 2178 993
0 75 965
0 2487 371
0 536 1981
1 2861 1794
1 2024 2370
0 1295 1797
0 2032 297
1 647 1818
0 75 1164
0 1336 412
0 2435 1869
0 32 139
1 2998 280
0 1040 2475
0 3000 2305
0 483 1770
0 712 344
1 1775 1464
0 2661 1045
0 461 1549
1 1385 559
0 2513 1505
0 644 1536
1 2407 594
0 2431 129
0 565 1551
0 2506 907
1 225 1807
0 1085 898
1 2887 2500
0 1948 444
0 1564 1754
1 564 394
0 244 2340
0 768 2612
0 1995 1535
0 2477 2079
1 2848 2000
1 1257 1662
0 104 956
0 1858 288
0 238 2708
0 2657 2034
0 1647 422
0 2156 1841
1 567 1228
1 2709 903
0 1080 2989
1 244 2340
0 1165 772
0 2919 855
0 2569 1989
0 2017 654
1 1693 2416
0 276 2705
1 1860 1248
0 507 2414
0 2135 62
0 1206 1725
0 2703 2965
0 1710 2230
0 543 1902
0 2762 1917
1 1702 1385
1 2775 1214
0 648 2336
0 2280 2934
1 2435 1869
0 59 26
0 2853 2423
0 1299 2471
0 771 907
0 2217 2491
0 2180 1643
0 1972 57
1 224 792
0 2325 2728
0 1640 2066
0 1691 1951
0 2105 677
1 1768 2357
1 1085 342
1 1648 2369
1 1788 1922
0 272 2261
0 1339 2079
0 98 2178
0 991 2416
0 2145 1022
0 1044 2670
1 2832 2624
1 2509 1469
1 2833 1741
0 1265 905
0 2153 2735
1 798 2521
1 2574 2359
1 2605 1461
1 199 2754
1 1580 2901
0 1772 1559
1 2487 371
0 1561 1351
0 711 82
1 1043 1404
0 113 48
0 1322 627
1 647 2959
1 2143 2217
0 2565 2444
1 1106 2223
0 2778 2983
0 853 180
0 871 2519
0 2891 756
1 146 2938
0 2603 2287
1 1761 2639
0 2314 961
0 379 1318
0 668 2282
0 2262 2974
1 1033 1130
1 1177 333
1 2027 2145
0 1801 2814
1 539 804
1 2756 1974
1 1832 816
1 792 10
0 586 1695
0 1992 2664
0 1590 1552
0 24 172
0 1212 889
0 2495 1704
0 981 2988
0 1034 1528
0 1978 1143
0 2105 2806
0 822 1794
1 2460 2419
0 795 2131
0 2461 2989
0 270 2688
1 1357 2293
0 1381 1276
0 2754 2983
0 678 1253
0 410 126
1 1044 2670
1 150 692
0 2772 2407
0 1548 2171
0 2932 297
1 2312 2787
0 1977 1048
0 193 2452
0 379 1619
0 2737 2249
0 876 1092
0 1103 846
1 2118 2244
0 1947 2850
1 1528 1693
1 1497 1867
0 1734 1843
0 1945 2784
0 2530 2339
0 579 386
0 1419 679
0 1128 1980
0 1710 2028
0 2812 2225
1 2463 1309
0 1442 2300
1 550 422
0 1245 1668
0 1212 677
0 1635 1896
1 2506 907
1 394 1264
0 947 306
0 50 2458
0 2062 149
0 117 2457
1 2211 1802
0 1516 1284
0 1504 2533
0 664 159
1 1796 1327
1 1683 580
0 1400 2822
0 2980 2530
0 476 1039
0 1245 1074
1 333 1957
0 2806 2709
0 1913 2263
0 2775 1906
0 1517 619
0 464 529
1 594 388
1 991 2416
1 812 324
0 1993 2397
0 2464 1848
0 2406 681
0 1044 2482
0 1820 2779
0 2634 1762
0 2586 1781
0 2539 1061
1 1079 1984
1 1904 629
0 2834 1166
0 1335 2204
1 2165 1456
0 1488 2725
1 2659 2011
1 1212 677
0 2316 1158
0 2288 747
0 9 1157
0 406 1444
1 2387 991
1 2586 1781
1 2542 1072
1 1291 2878
1 593 1692
0 2717 880
0 973 2234
0 2106 1650
0 61 2032
0 1429 2486
0 2120 2386
0 929 628
0 2395 1880
1 1350 2845
0 95 2830
0 2786 475
1 1548 2171
1 940 2252
1 622 70
0 2078 941
0 2923 1178
1 2383 966
1 2354 2054
0 872 530
0 1028 2861
0 684 998
0 1764 507
0 1265 2200
1 410 126
0 1174 2267
0 2055 2562
0 344 218
0 654 115
0 265 2236
0 1181 311
0 522 2131
1 1586 156
0 947 2547
1 2120 2386
0 1459 1026
0 1812 2778
0 2130 1671
1 1559 2028
0 499 2095
0 413 1498
0 1107 614
0 2743 553
0 2782 1005
0 1735 1144
1 1897 2021
0 1236 277
1 1335 1868
0 11 2132
1 1072 1081
1 1445 54
0 2900 2226
0 1662 2138
1 766 966
0 703 421
0 2425 1287
0 1424 1295
0 2561 1414
0 341 351
0 1641 2404
1 1711 1228
1 1734 1843
0 1808 2283
1 537 2704
0 731 1374
1 1419 679
1 452 2120
0 183 2982
1 81 1312
1 543 1902
0 1605 1360
0 1076 1632
1 1977 1048
1 980 1214
0 2747 2480
1 2006 2387
0 2410 623
0 615 1394
0 1293 1812
1 1916 898
0 2334 1029
0 2255 1481
0 7 2257
0 409 1742
0 825 1698
1 2481 2403
0 1239 218
0 2482 2058
0 2038 2105
0 2506 754
0 1482 1073
1 1341 57
0 203 1362
0 1436 1384
0 2470 1052
0 2012 1919
1 555 338
0 187 614
1 2216 2597
0 1433 96
1 2936 2164
0 2415 2801
1 457 1146
0 2282 2288
0 908 2974
0 50 511
1 1828 458
0 2264 566
0 900 1527
0 2179 2689
1 1944 188
0 1832 1189
0 2671 917
0 2837 983
1 1195 258
0 2076 1288
0 1578 2166
0 2591 2054
1 648 2336
1 29 309
1 2418 1220
0 691 543
0 1351 2728
1 1279 2230
0 288 2906
1 745 190
0 2383 805
0 54 2755
1 1467 1214
1 1209 751
1 2448 622
0 2384 2862
0 1549 1603
0 118 463
1 183 2982
0 1827 1811
0 2767 509
0 2380 2389
0 2024 2698
1 651 1478
0 2773 2092
0 1839 894
0 1782 2321
0 1006 514
1 1667 2905
0 945 1302
1 1889 1302
1 1904 2949
0 2692 1970
0 660 993
0 1222 1568
0 2361 447
0 372 18
0 2652 657
1 257 1196
1 847 2265
0 2315 962
1 822 197
1 1877 255
0 1013 2226
0 2231 1340
1 2536 2909
1 1273 1172
1 1302 267
0 1398 1910
0 1345 1156
1 1258 1955
0 1367 20
0 635 1060
1 1710 2230
0 1502 1483
0 616 2059
1 929 1954
0 1937 595
1 1619 351
0 2419 1900
1 1317 2889
1 1793 1205
0 1774 670
1 1506 1828
0 534 2436
0 540 576
0 2319 2579
0 2343 78
0 276 1375
0 881 1310
1 649 971
0 592 2915
1 945 1302
0 175 1743
1 501 16
0 1253 236
0 1759 2228
1 1021 1061
0 1436 1804
0 2798 2535
0 593 2372
0 1359 2482
0 2114 2999
1 344 551
0 754 1970
0 2703 1174
1 706 543
0 1340 1557
1 2940 1559
0 2396 1526
1 1406 322
1 409 1742
1 2455 1595
0 227 978
1 1754 1625
0 34 2429
0 2640 2114
1 1014 2947
0 2140 1506
0 1536 2629
0 859 1445
0 2226 286
0 1098 886
0 1770 904
1 2959 407
0 1693 2148
0 92 1990
0 482 2880
1 2449 1419
0 1008 613
0 812 460
0 2570 1533
0 735 2635
0 453 1316
0 403 1663
0 1051 2976
1 2048 2381
0 596 2912
0 1873 2428
1 42 2899
0 1502 2642
1 818 1489
1 1015 482
0 2931 2138
1 1701 1326
0 2692 579
0 2398 986
0 1859 2143
0 2792 2581
0 1271 2696
0 112 599
0 609 1164
1 233 349
0 2497 1579
0 705 1191
0 2558 1028
1 2089 2461
0 2670 2926
0 2466 2766
0 1912 1893
0 2721 1300
0 91 2307
1 1840 2496
0 1610 1849
0 445 1953
0 231 2262
0 1131 272
1 825 1698
0 1986 685
0 940 2684
1 161 1291
1 1725 1786
0 2248 2220
0 2724 1953
0 1831 2767
1 2325 1346
1 2858 2962
0 350 184
0 1728 495
0 2530 2562
1 1257 701
0 1166 1109
0 966 808
0 1354 2305
0 1881 1503
1 1900 319
0 2064 1997
1 1516 1284
1 2741 2278
0 2591 333
1 1026 687
0 725 2950
1 977 1658
0 2986 2542
0 931 622
0 1027 977
1 1511 2563
1 2251 650
0 2263 446
0 299 18
0 1175 1248
0 1137 1534
0 1710 1573
1 1469 2045
0 1256 1821
0 151 3000
0 1996 1972
0 2479 2626
0 1911 1229
1 2362 1690
0 652 1937
0 2095 2773
1 1062 865
1 388 1807
0 183 1588
1 1583 2464
1 2513 1057
0 1699 2467
0 2250 1800
0 1269 189
0 2291 2108
0 536 7
0 770 595
0 2826 1342
1 1253 236
0 2670 2358
1 2149 1877
0 1041 2026
0 124 2911
1 1115 98
0 1622 2909
1 1248 2760
0 1819 2949
0 1803 806
1 2482 2058
1 283 65
0 1340 2143
0 1056 1361
0 2082 626
0 1113 2556
0 1907 2026
1 1495 101
0 1039 1046
0 343 2971
0 43 2978
0 799 532
0 280 1053
0 220 2294
0 2724 309
0 50 2293
0 1914 2528
0 1449 1530
0 448 921
0 2878 96
1 2453 616
0 2558 1919
0 1129 1042
1 615 1394
0 866 752
0 2699 2696
1 2110 651
1 2687 2316
0 2693 2947
0 2583 2901
0 2073 2779
0 339 2286
0 175 659
0 2489 798
1 2076 1288
0 1505 2271
1 1547 1915
0 1510 175
0 122 473
1 2378 2266
1 2819 145
1 110 2641
1 712 344
1 59 26
0 2626 1798
0 232 2992
0 564 1224
0 1954 1472
0 1790 27
0 2280 412
1 1750 2966
0 258 728
0 453 2960
0 737 212
1 950 1388
1 2565 2444
1 2222 1778
1 333 1658
0 1264 711
1 1441 2414
0 2592 643
0 2660 13
1 1243 586
0 1722 2750
1 2947 400
1 1256 2363
1 1530 2886
0 357 2817
1 406 2272
0 727 1475
1 1113 2556
1 2717 763
0 715 1867
0 1861 2211
0 1825 288
0 2 578
0 15 1378
0 607 1786
0 2680 388
0 1451 126
1 1727 1021
0 296 622
1 1738 1266
1 2691 639
1 1785 2112
0 238 142
1 643 2385
1 2395 611
0 2360 1650
1 2919 855
0 1513 281
0 2485 2254
0 599 697
0 2574 1342
0 2906 1072
0 471 1353
0 758 2215
0 2726 524
1 1808 2283
1 966 1074
0 149 56
1 280 1053
1 2358 1688
0 753 1245
0 223 250
0 2202 158
1 1060 623
0 1964 2896
0 345 2221
0 313 1436
1 2908 502
1 2145 2500
1 223 250
1 2890 1711
0 2146 2826
0 2253 2118
0 1888 2825
0 1982 524
1 204 2418
1 758 2215
0 2583 678
0 1701 1472
0 1445 1848
1 2833 825
0 1716 967
1 2347 1240
0 2192 1325
0 2580 1732
0 2672 504
1 430 1812
0 2782 516
0 2804 2565
0 202 413
0 775 1718
1 2218 2784
0 1649 1818
1 1774 706
0 1094 2465
0 609 1025
0 2292 465
0 1988 1366
1 2718 2733
1 2649 976
1 1985 2627
0 700 258
0 2281 1495
1 22 1506
1 1476 166
0 962 2441
0 271 1154
0 2175 116
0 695 2336
1 2032 297
0 2303 717
0 997 1425
0 2799 2619
0 227 1487
0 1994 102
0 2563 2589
0 220 2123
0 1631 2267
0 2138 1571
0 456 2218
0 1839 1700
1 1237 962
0 2317 2019
1 2173 1184
1 453 408
1 1028 2861
0 2934 447
0 1176 2327
0 992 1935
0 2811 2304
1 1858 288
0 1532 2813
1 2578 2941
0 1837 1341
0 265 2759
1 1385 1291
0 1787 2425
1 345 2221
1 1469 1422
0 305 1108
0 2240 1278
0 1180 746
0 24 41
0 2184 1922
0 1538 910
1 113 48
1 1331 2932
1 2091 2182
0 2296 1848
0 826 2852
0 414 624
0 982 1180
0 431 1344
1 2856 2478
1 1713 648
0 528 2747
0 1331 1371
0 156 1902
0 1071 1729
0 173 669
1 1662 2138
0 515 2216
1 1898 337
0 2934 2212
0 466 1187
1 699 1295
1 1538 2913
1 2425 1287
0 332 2927
1 416 747
0 1380 522
1 844 1617
0 1361 651
0 1663 2799
1 788 1990
0 1534 134
0 1083 801
0 2575 1218
1 2195 2998
0 1602 251
0 1871 213
0 2802 1027
1 100 1720
0 2715 1170
0 1780 1448
0 2811 2918
0 1749 155
1 1166 1109
0 1988 1525
1 2175 116
0 2152 1015
1 1288 2907
1 1204 785
0 950 1328
1 1770 2314
1 2774 2860
0 2815 1133
0 1865 1185
0 1929 336
1 1368 1017
0 1757 2476
1 1359 2482
0 2809 2627
0 88 1049
0 1143 526
0 1077 1755
0 89 769
0 1633 2531
0 2561 2515
0 2232 1891
0 11 556
0 946 2151
1 1910 747
0 2154 168
0 444 1431
1 3000 2305
0 2809 165
1 1237 2087
0 2458 955
0 416 608
0 1584 1352
0 298 1437
1 2934 447
0 2629 2928
0 1380 1627
0 2258 784
0 1799 2239
0 1870 374
1 2786 2609
0 1391 1535
0 2116 1528
1 1230 682
1 2696 472
1 1773 2339
1 1076 1632
1 406 1444
0 46 61
0 1157 2131
0 598 1690
1 2834 2278
0 796 1736
0 2350 822
1 2156 1841
0 1244 870
1 598 294
0 1116 770
1 1929 754
0 567 279
1 1339 2079
0 822 2788
0 2999 2563
1 232 2992
0 355 1262
0 2113 255
0 545 2286
1 650 60
1 2763 2502
0 1133 2321
1 2602 945
1 2848 2963
0 1753 2421
1 1939 465
0 1294 1219
0 1462 1548
0 436 2344
0 358 159
0 214 1953
1 2775 1399
1 1561 1351
0 118 561
1 882 2631
0 1308 992
0 1155 2280
0 410 1174
0 42 2803
1 1265 2200
0 132 202
1 227 978
1 648 1873
0 311 686
1 1907 661
0 846 1818
0 2563 300
0 1882 2237
0 1234 1666
0 444 2765
0 1904 2526
0 2066 466
0 625 705
0 2048 2205
1 1096 2489
1 690 1174
0 296 392
0 2567 2709
0 1965 2774
1 321 1625
0 2225 701
1 1868 1849
0 2163 2053
0 1401 2655
1 1137 1534
1 341 351
1 1055 503
1 2479 1010
0 1960 253
1 1424 1295
1 2497 1579
0 1575 662
0 1495 1975
0 1900 699
0 1561 1679
0 438 2031
1 2633 2086
1 1236 2832
1 1393 2152
0 600 2338
0 2842 2200
0 30 2667
0 752 2315
1 1661 978
0 2869 2472
0 2368 1891
1 2315 962
0 2646 1982
0 175 135
0 579 1826
1 881 1310
0 1604 2592
0 474 2027
0 1760 1069
0 1325 1641
1 1331 1371
1 2990 2945
0 821 2720
1 1236 2364
1 1780 1448
0 660 1209
0 1950 2181
0 957 1961
1 1027 977
0 18 1238
0 186 1036
1 2786 475
1 751 719
1 443 2806
0 1031 360
0 999 1428
0 1951 2938
1 1779 520
0 826 2215
1 253 498
0 932 2640
0 1716 2417
1 768 2612
1 2996 629
0 2213 1222
0 301 1285
1 2576 2345
0 283 2844
1 1514 1264
0 1338 1580
1 2179 2689
1 518 1208
1 2928 1716
0 84 2313
1 1839 1700
1 107 2098
0 2868 2679
0 2747 228
0 842 920
0 168 933
1 1006 1218
0 1230 1644
1 417 1569
0 2238 1140
1 1931 371
1 576 311
0 233 203
0 1381 2738
1 1729 2945
1 1790 27
0 2801 2871
1 2842 1749
0 413 2411
0 1292 1091
0 995 2466
0 1842 2057
0 1173 565
0 2303 1968
0 2766 1214
0 349 499
1 218 1102
1 2096 2309
0 2663 2478
1 650 2942
1 2406 681
1 715 1867
0 1714 319
0 2742 856
0 463 2579
1 177 1066
0 693 1277
0 1116 163
1 1914 2528
0 1212 406
0 286 1976
0 2865 1405
0 83 875
0 1267 263
1 1663 2799
0 1404 2285
0 2415 451
1 554 921
1 1103 2753
0 900 121
0 113 1861
0 240 2243
1 2221 795
0 1820 1338
1 1524 1862
0 207 459
0 137 379
0 2215 1377
1 1212 2599
0 2909 1493
1 609 1025
0 952 430
0 2656 2692
1 644 1536
0 653 2115
0 1192 457
0 2634 2010
1 1583 364
0 102 1109
0 2107 2767
0 107 2938
0 426 2444
0 1181 464
0 856 2155
0 181 1098
1 2634 1762
0 2047 2381
0 672 2479
1 1022 1242
1 2209 2230
0 723 184
0 8 2073
1 334 272
1 753 1245
1 2390 786
0 1232 1469
0 1488 660
0 295 2878
0 948 2205
0 2656 1708
0 1900 357
0 804 1863
0 1257 2730
0 181 387
0 1156 104
0 1737 1228
1 562 1171
0 1725 2077
0 553 2194
0 2374 1167
0 1069 24
0 511 1527
0 771 980
0 836 683
0 2328 1868
0 1371 2027
0 2737 2120
1 1127 1834
1 938 2614
0 1800 2933
0 308 305
1 1902 439
1 2226 286
0 2086 853
0 1118 2623
0 461 219
0 1515 1925
0 1096 916
0 119 1542
0 1069 1379
1 1683 2910
0 1624 987
0 1706 855
1 2004 2412
0 75 2821
0 2532 1755
0 2935 709
0 2826 2739
0 2839 1946
0 1568 1754
0 2388 1301
0 2968 2133
0 1957 2330
0 2935 1713
0 2501 1349
0 2366 813
1 682 1950
0 484 2709
1 2052 1702
0 342 2334
1 1633 2531
0 1773 494
0 782 116
0 1403 673
0 2134 410
1 2629 2928
1 240 2243
0 1562 2237
0 1559 1179
0 2312 1812
0 696 2627
1 2138 1571
1 264 1972
0 470 1924
0 487 2374
0 1251 1697
1 1240 2564
0 1655 2152
0 2363 1524
0 1274 2052
1 2296 1848
0 844 2961
0 412 2420
0 1700 888
0 2400 643
1 1691 1951
1 1772 1559
0 2980 1360
0 2204 2174
0 2519 1516
0 1873 2276
0 438 2289
0 247 794
0 1306 1484
0 2644 1876
1 464 529
0 2101 1588
1 330 648
0 664 1534
0 1902 474
0 496 2578
1 579 1826
0 898 1932
0 2019 1461
0 2298 1257
0 94 1696
0 1634 424
0 1920 1839
0 1789 2023
0 1219 898
1 2595 2521
0 1073 2583
0 1321 1221
1 2495 1704
1 1082 52
1 672 2479
0 613 1163
0 1158 997
0 719 1491
1 1549 1603
1 1387 1609
0 1602 1182
0 1771 302
1 650 1612
1 2009 1593
0 694 1690
1 2301 2635
1 2922 1111
0 1352 248
1 357 2817
1 1947 2850
0 2307 2128
1 1578 2166
0 2892 2866
1 1865 1465
0 733 2135
1 684 757
0 408 1812
0 369 607
1 2339 856
0 1213 2660
0 1514 1070
0 269 1829
1 2075 727
0 1133 2043
0 943 764
0 2095 1602
0 1638 2280
0 2596 2840
1 2446 1425
0 1421 103
0 1934 638
0 679 2778
1 1902 1183
1 1972 57
0 1727 448
1 2805 288
0 1747 1312
0 1843 2756
1 206 2270
0 2695 2543
0 2342 1018
1 420 1000
0 638 1450
0 1463 1614
0 2257 1518
0 2906 1218
0 14 1197
1 1223 129
0 2117 2221
0 190 2962
0 719 2344
1 866 752
0 2293 1794
0 1571 1534
0 244 422
0 2853 1756
0 2928 466
1 1083 801
0 1806 1164
0 2082 78
0 2270 1352
1 1309 874
1 2053 2829
1 2645 1986
0 2300 1068
0 759 303
0 1921 1093
0 2512 2401
1 2004 2848
1 1340 1557
0 400 2788
0 1178 307
1 431 1344
0 1656 2509
0 1433 234
0 1316 1299
1 567 279
1 1641 2404
1 2656 2692
0 1239 767
1 119 1542
0 1503 2082
0 1931 1883
1 1245 37
0 1335 756
0 2451 2017
1 2394 2104
0 1994 539
0 1259 1968
1 2343 78
1 66 1045
0 1211 907
0 1879 710
0 1974 338
0 395 1416
1 95 2830
0 314 2386
1 2821 2029
0 2348 1947
0 138 1188
0 452 1400
0 2535 1457
0 92 2363
0 2195 2670
0 2632 524
0 949 171
0 1292 1448
0 1356 2316
1 1436 1384
0 348 1903
0 1534 1370
1 2657 2034
0 1224 1712
0 1695 1475
1 138 2997
0 2483 231
1 2109 1090
1 1274 2052
1 2577 1228
0 2772 2251
1 175 659
0 1290 1549
0 510 2854
1 671 2432
0 1500 1632
0 1344 1393
1 2502 2832
0 1623 2202
1 2104 2922
1 1348 1003
0 1094 429
0 124 2788
0 115 2857
0 2759 361
0 1428 588
0 882 2728
0 2565 1162
0 2094 1506
1 283 2844
0 2934 743
0 327 941
0 1161 1701
1 2539 1579
0 478 1129
0 180 2815
1 2932 803
0 2978 1591
0 23 245
0 774 983
0 209 2741
0 856 2962
0 2821 1411
1 2184 1922
0 2752 2682
0 255 457
1 179 2810
0 1070 2317
0 2593 417
0 1230 424
0 2055 1439
1 1154 43
1 339 2286
1 1433 96
0 1608 621
0 2082 1971
0 2733 461
0 2331 60
0 1659 2154
0 2663 252
1 272 2261
0 750 892
0 91 214
0 2730 1680
1 949 171
0 2073 2505
1 2980 2530
1 2675 2049
0 1409 1348
0 764 1417
1 733 1978
0 1187 2868
0 894 83
0 2827 567
1 61 2032
0 2844 2804
1 2693 2947
0 909 287
1 2646 1982
1 2943 744
0 2820 939
0 1612 406
0 2084 697
1 116 2262
0 1534 1417
0 2988 2233
1 349 499
0 613 63
1 2231 1340
0 2950 1427
0 416 651
1 26 864
1 2282 2288
0 223 1796
0 2431 2909
0 2869 1420
1 1904 2526
0 502 1883
0 1164 1092
0 682 1929
0 1183 603
0 939 282
1 891 134
0 773 1906
0 1024 1246
1 1292 2579
1 2520 484
0 1555 1665
0 268 749
0 850 128
1 1793 2184
1 2558 1028
0 2605 1142
1 2726 524
0 358 1686
1 1960 1946
0 1917 2705
1 2769 1586
0 1320 2455
0 916 106
1 1742 650
0 1857 2139
1 742 1089
1 1019 594
0 385 353
0 2746 1734
1 2094 2457
0 1491 169
0 569 1388
0 19 2280
0 443 2687
0 1933 2288
0 411 58
0 2471 2908
1 1562 2237
0 1972 1905
1 1445 1848
1 2824 2548
0 234 2247
1 2599 1412
0 539 1278
1 487 2277
0 273 538
0 2999 2760
0 2915 1547
1 2237 418
0 2063 219
0 387 2269
0 1587 2781
1 436 2344
0 161 153
1 452 1400
0 870 2008
0 1630 1582
1 2456 1995
0 1241 2392
1 276 2705
1 1602 251
0 2374 962
0 2809 2417
0 2758 1793
1 1727 448
1 2101 1588
1 2363 1524
0 1721 1088
0 2678 433
1 1239 767
0 2937 1245
0 2768 1060
0 605 2847
1 75 965
1 2890 71
1 1624 987
0 2734 1109
1 2974 578
1 1212 406
1 2892 2866
1 2485 1983
0 161 26
0 2086 2956
0 1310 2787
0 2197 2
0 2013 663
1 2500 2809
1 842 33
0 2900 1090
0 725 452
1 1753 2421
0 568 2851
0 1802 51
0 1595 193
0 1600 1233
1 389 1596
1 1864 4
0 2469 757
0 2889 689
0 1033 469
0 240 2125
0 2665 2800
0 2325 2627
0 1007 2735
0 909 2514
0 1410 1992
0 2132 1672
1 589 289
0 2620 699
0 2841 2496
0 1482 619
0 1209 435
0 1480 248
0 508 619
0 2529 2978
1 148 887
0 898 1417
0 799 688
0 981 1917
0 1318 183
0 844 1164
0 495 2716
0 2226 1236
1 2802 1027
0 2014 1235
0 2244 45
0 2509 1924
0 643 1642
1 2095 2773
1 2325 2728
0 2421 1900
0 1206 1926
0 604 286
1 2163 2053
0 1575 2986
1 1245 1668
1 2583 678
0 820 2127
0 2303 805
1 374 2466
0 391 2935
1 1710 1573
1 1630 1582
0 2638 2220
1 2388 1301
0 1509 260
0 2001 2316
1 668 2282
1 1211 1227
0 2842 2781
0 2104 1689
0 1844 1316
0 511 1146
0 2040 2381
0 198 255
0 1459 911
0 373 2481
0 1427 1411
0 680 201
1 838 1613
0 1631 216
1 846 1550
0 35 614
0 1837 2356
0 1920 2587
0 2671 2730
0 491 2566
1 1767 1916
0 1770 942
1 2425 111
0 1243 50
1 1575 662
0 1983 652
0 1993 189
0 1789 1440
1 1575 2986
0 955 2578
0 879 1132
1 1292 1091
1 332 2927
1 2061 311
0 1352 2095
1 1937 595
0 2151 291
1 764 1417
0 1617 1601
0 1815 2613
0 233 2885
0 2790 1510
0 585 1355
1 102 352
0 2584 2984
0 2449 2741
1 241 2712
0 573 1998
0 1812 2838
0 1133 2878
1 1852 2304
0 1383 95
1 238 142
1 1230 424
0 1959 2550
0 2344 968
0 728 2548
1 2371 261
0 2292 2620
0 574 1426
0 469 1298
0 2750 991
0 2743 1357
0 424 1601
0 1730 802
0 779 1794
1 914 842
0 2962 1659
0 1805 90
0 825 245
1 1040 2475
0 519 185
0 2224 965
1 2868 2679
0 1204 2458
0 270 1816
1 1401 2655
1 2117 2221
1 601 2151
0 328 26
1 1034 1528
0 957 914
1 476 1039
0 2384 1698
0 300 2592
0 754 1135
0 1495 1653
0 2556 989
1 1183 603
0 2382 2389
1 1106 947
1 1427 1411
1 540 576
0 235 10
1 238 2708
0 2156 2405
0 2780 1578
0 1065 231
0 2013 46
1 23 2552
1 398 1992
0 1731 7
0 331 1049
0 693 83
1 2867 2302
1 2113 255
0 2351 1598
0 643 572
0 37 2762
0 2640 2534
1 2380 2389
0 1571 500
0 2079 952
1 850 128
1 1390 1521
0 1076 1322
0 2256 1526
1 536 1981
0 2879 1946
0 2836 447
1 2489 798
0 2172 1460
0 1760 1646
0 2191 1929
0 385 2109
1 1532 2813
0 1107 119
0 2891 331
0 1609 688
1 235 1375
1 957 1961
1 1290 1549
1 638 1450
1 2747 228
0 35 1494
0 1235 914
0 1724 2484
0 2172 1783
0 62 939
0 2435 2512
0 2140 2005
0 2215 1701
0 1492 535
1 231 1599
0 338 1678
0 2024 2462
0 156 1885
0 2457 1039
0 997 1756
0 1987 760
1 1206 1725
1 89 769
0 637 1850
1 1286 41
0 2551 1494
1 2431 2909
0 2621 2391
0 1017 2259
0 510 2530
1 1605 1360
1 220 2123
0 1092 922
0 1445 1996
0 750 1940
0 387 2984
1 653 2115
0 845 2044
1 75 2821
0 1618 2095
0 299 2116
0 1700 2507
0 946 1775
0 2283 254
1 2935 1713
0 835 2354
0 688 2225
0 245 2375
1 771 980
0 905 2261
0 1738 1670
0 1658 523
0 2538 1605
0 1484 4
0 120 2532
0 1491 2777
1 684 998
1 1026 929
0 1684 2111
0 616 2170
0 1796 1179
0 207 243
0 2735 1046
1 1071 1729
0 578 799
1 1192 457
1 845 2044
0 1266 1164
1 474 2027
1 619 187
0 1654 1060
0 835 56
0 1218 2909
0 1411 2690
0 1317 680
1 2307 2128
1 1212 889
0 111 175
0 870 1833
0 2370 2932
0 386 1643
0 680 1865
0 1082 1379
1 2724 1953
1 2180 1643
1 448 921
0 2512 2561
0 1668 2967
0 1298 2183
1 2730 1680
0 2229 425
0 1266 818
0 615 1266
0 2194 1410
0 1547 838
0 1211 2473
1 1695 2714
1 2263 963
1 733 2135
1 1095 278
1 931 622
1 579 1465
0 1520 892
1 2566 1312
1 2146 833
0 2173 2109
0 101 1513
0 2899 1618
0 2801 1392
1 950 1328
0 2065 2131
0 1471 2634
1 424 393
1 2767 509
0 1324 1165
0 2952 2789
1 1118 2623
0 2564 1242
0 2665 431
0 54 1776
0 1234 1380
0 2389 1253
0 2915 1662
0 1362 768
0 950 1581
0 946 1953
0 1118 892
0 2647 1033
1 1484 4
1 50 511
0 283 2694
1 1907 2026
1 2283 749
0 1465 2218
1 456 1924
1 2063 219
0 2240 1958
0 727 548
1 1491 169
1 1882 2237
0 2971 1615
0 2922 2539
1 513 591
0 2151 599
0 1163 652
1 157 2059
0 2229 2516
0 1111 482
1 2512 2401
1 1945 2784
0 624 1577
0 2958 2079
0 121 2027
0 1275 1106
1 1986 685
0 1963 1604
0 2565 1469
0 388 765
0 2734 2661
0 2320 186
0 325 2057
0 2372 2736
0 1941 486
1 1801 2814
1 311 686
0 1501 2941
0 1757 2141
1 2172 1460
0 1699 1685
0 2933 2920
0 940 1380
1 1128 1980
0 2585 2987
1 484 2709
1 1500 1632
1 820 2127
0 1444 1419
0 2395 2034
0 453 2261
0 1141 1891
0 1449 2473
0 1260 1563
0 1659 179
1 1085 1647
1 1098 886
1 1959 2550
1 19 2280
0 2589 2572
1 124 2911
1 1865 1185
1 300 2592
0 2852 1165
0 1130 1263
0 1870 1379
1 1684 2111
0 2591 1239
0 425 336
0 2977 130
1 703 421
0 1353 1924
0 2087 1173
0 1365 1305
0 2764 1898
0 2959 2485
0 2263 685
0 1054 1099
1 1871 213
1 1234 1380
0 1536 1372
0 761 2966
1 594 711
0 2375 2221
0 1756 1105
1 2841 2496
0 608 2665
0 412 1945
0 1321 102
0 867 2753
1 1002 1134
0 1635 139
1 844 2961
0 880 1092
0 113 1305
1 799 532
0 2684 890
0 1435 1962
0 1487 2803
0 1620 2877
0 868 1574
1 503 877
0 549 708
0 284 2227
0 2863 1843
0 2976 724
0 869 2502
0 289 21
0 2761 1852
0 2509 1486
0 1626 2645
0 1011 1364
0 1981 922
1 1412 747
1 691 543
0 925 37
0 2562 755
1 1967 1154
0 2738 1814
0 1709 2154
0 2620 112
0 1342 1237
0 421 2870
0 152 1730
1 2152 1015
0 665 2055
1 946 1775
1 722 2515
0 2419 1711
0 146 1199
0 1696 625
0 2730 2126
0 2441 2282
0 272 1861
0 1364 1180
1 2756 2646
0 96 2581
0 2285 2643
0 2671 1222
1 2889 689
1 705 1191
0 2430 331
1 1894 1914
0 646 1347
0 937 270
0 1638 1578
1 1832 1189
0 273 252
0 1284 2729
0 2310 168
0 399 1425
0 1443 504
0 2781 1600
0 615 1134
0 1870 624
0 1541 1367
0 745 1892
0 2892 1306
0 109 968
0 1163 1305
1 1542 2629
0 52 1764
0 223 2652
1 1365 1305
1 1008 613
0 607 113
0 616 2204
0 2432 2402
1 2386 2380
0 2891 2299
0 151 524
0 2529 592
0 944 2340
1 1320 2455
1 2892 1306
0 796 2430
1 2798 2535
0 880 2632
0 876 1307
1 2143 1307
0 2029 448
0 252 2527
0 2717 2974
0 1477 2230
1 2692 579
0 2262 2597
0 1320 687
1 2328 1868
1 343 2971
0 2152 1611
1 1293 1812
0 1496 2947
0 797 2813
0 1565 2337
1 2968 2133
0 2702 1531
1 995 2466
0 2373 1713
1 2310 168
0 2648 1844
1 2790 1510
0 1317 1196
1 2509 1924
1 2134 410
0 308 70
0 2854 2897
0 2920 1108
1 799 688
0 2143 726
0 1094 2972
0 1116 2365
1 1157 2131
0 1397 1649
0 619 2822
1 2815 1133
0 675 2231
1 132 202
0 2463 152
0 2856 53
0 602 2016
1 2778 2983
0 1306 1726
0 1547 783
1 1099 559
0 2512 199
0 706 2587
0 180 2805
0 2357 1470
0 2818 1173
0 1478 7
0 1464 2567
0 96 1485
0 2081 2381
0 1760 1327
1 2676 527
0 1602 632
1 1988 1525
0 2317 1033
1 2151 599
0 1288 2249
1 2652 216
0 426 2973
0 1820 472
1 879 1132
0 1374 2425
1 2965 911
0 2713 789
0 2059 2600
0 483 1818
0 2139 1227
1 1428 588
1 1069 1379
0 1076 835
0 311 917
0 88 95
1 1520 892
0 2858 998
1 2152 1611
1 379 1619
0 2036 1399
0 1038 2012
1 1635 139
0 2473 2269
0 2135 428
1 1096 916
1 680 201
0 2747 1604
0 2875 2571
0 205 1615
0 1706 1871
0 2551 2923
0 711 51
0 2139 1751
0 2062 2113
0 1417 1269
0 1410 2779
1 397 2929
0 2013 2231
0 1782 1160
0 1212 66
0 1913 277
0 247 349
0 274 387
1 1116 770
0 2904 195
1 1960 253
0 2649 725
0 1297 950
0 1169 708
1 2670 2926
0 2345 2060
0 1195 2494
0 2759 1299
0 1860 154
1 273 538
0 960 629
1 1363 2442
1 2717 880
0 235 2871
0 2332 433
1 2431 129
0 1241 127
0 1849 586
0 714 1459
1 1870 374
1 2538 1605
0 1707 2242
0 710 783
0 1408 2798
1 2013 926
0 2236 2289
0 1098 2461
0 468 2529
1 2644 1876
0 1362 1201
1 327 941
1 2270 1352
0 1552 1737
1 1933 2288
1 1335 756
0 1557 2583
0 2237 918
0 580 1055
1 2671 1222
0 364 2854
1 2561 1414
0 2105 660
1 1094 429
0 1090 2895
1 1351 2728
0 1145 32
0 2497 1720
0 927 1161
0 1796 861
0 2512 15
0 160 2401
0 2651 2290
0 2821 1128
0 398 23
1 2257 1518
0 1609 1331
0 1111 225
0 2653 937
0 1663 2756
0 1323 1260
0 64 625
0 839 1334
0 2135 771
0 2403 465
0 540 2926
0 2591 167
1 240 2125
0 891 700
0 139 637
0 2978 830
1 2958 2079
1 2501 1349
0 1454 2364
1 1967 1954
0 136 587
0 19 777
1 2002 994
0 288 782
1 2653 937
0 2434 663
1 2551 1494
0 2108 1822
1 2178 993
0 1530 1547
0 326 748
1 2869 2472
1 1902 474
0 1793 2573
1 2320 186
0 1795 2461
1 1325 1641
0 2951 801
1 2429 2642
0 908 1369
0 2161 1257
0 182 2939
1 947 2547
0 52 598
0 221 1411
0 714 1780
0 2437 2805
0 2746 1673
0 2338 2393
0 2993 2427
0 639 2362
0 1201 483
0 2789 2905
0 1239 89
0 227 1428
0 582 872
0 2709 1524
0 2738 2577
1 2215 1377
0 10 1002
0 2423 876
0 2315 1555
0 2708 1271
0 656 2403
1 596 2912
1 2114 2999
0 2762 1435
0 1369 2082
1 1080 2989
0 507 1935
1 2653 1315
0 2408 2539
1 975 2212
0 1882 2367
0 1640 2488
0 1423 995
0 1397 2332
0 2778 111
1 580 1055
0 2481 871
1 2094 1506
0 1628 486
0 2878 2510
0 2948 2928
1 871 2519
0 909 486
1 186 1036
0 1690 1285
0 519 532
0 2554 1483
0 2578 406
0 1703 2101
0 810 1909
1 1131 272
0 278 121
0 2199 2190
1 1187 1743
1 453 1316
0 1811 1196
0 226 1493
1 2073 619
0 536 327
0 1395 362
0 126 1143
0 2379 532
0 1548 1946
1 223 2652
1 252 2527
1 1749 2912
1 19 777
0 1418 2688
0 2949 737
1 605 2847
0 2456 190
0 2420 2079
0 112 2643
0 863 1812
0 1156 704
0 77 1037
0 1561 2475
0 1606 885
0 63 2213
0 1428 1034
0 2445 2
0 1603 930
1 1843 2756
0 528 2096
0 2584 927
0 2303 1231
0 2548 2338
0 161 1690
0 200 2997
0 2097 785
0 1828 1157
0 2712 389
0 2258 2764
0 611 2825
0 2936 907
0 767 1529
0 1180 446
0 637 2217
1 1449 2473
0 1665 2224
0 1808 299
0 1629 1469
0 539 2527
0 1263 367
0 1989 2496
0 1246 1464
0 1184 2171
0 2890 1327
0 87 381
0 1354 1862
1 519 185
0 1030 1630
0 2533 623
1 2948 2928
0 784 1248
0 1919 248
0 549 287
0 661 44
1 2890 1327
1 207 2194
0 1676 2917
0 359 741
0 2737 1526
0 2338 784
0 1026 307
0 1339 1186
1 1964 2896
0 2814 1151
0 399 169
0 206 2455
0 2042 1711
1 1404 2285
0 1384 445
1 2663 252
0 2821 2575
1 1941 486
0 1771 2984
1 112 2643
0 1795 2922
0 607 1650
0 1042 761
1 838 2128
0 1860 1177
1 1306 1484
0 2409 695
0 306 2859
0 2920 322
0 2538 2169
0 2684 640
1 1996 1972
0 618 139
1 613 63
0 2951 2716
0 30 1361
1 880 2632
1 822 2788
0 1147 1442
0 2774 1356
1 1374 318
1 2477 2079
1 1211 2473
1 929 628
0 313 1973
1 1982 524
1 2012 1919
0 2233 2996
1 2087 1173
0 790 2086
0 2284 379
0 2321 1696
1 381 1458
1 2709 1524
0 60 1793
0 565 1407
1 2766 1214
0 1738 2777
0 869 1117
0 916 1371
0 373 1658
0 2813 2295
0 154 837
0 2611 847
0 2129 2827
0 1196 1841
0 2939 453
1 161 26
0 2226 279
1 2420 2079
1 2792 2581
0 1607 1154
1 1635 1896
0 1 1760
1 1600 1233
1 30 1361
0 2007 2536
0 1326 1624
1 585 1355
0 52 520
0 2503 2692
1 2079 952
0 2893 1271
1 1488 660
0 2062 604
0 264 1862
0 1754 2690
0 1976 1416
1 608 2665
0 1021 221
1 192 2467
1 1510 175
0 537 1926
0 2375 2898
0 2399 1366
0 2655 633
0 731 1973
0 616 1323
0 1072 1596
0 2574 343
0 2404 789
1 342 2334
1 1259 1968
0 1483 1962
0 2624 1822
0 465 2646
0 2499 1896
1 2489 2923
0 1868 1869
0 2153 2667
1 2752 2682
0 2043 110
1 609 1164
0 810 51
1 2361 447
0 76 1629
0 1137 585
0 2803 2020
1 2920 1108
0 2187 1940
1 2463 152
0 1696 2892
0 2372 2792
1 67 59
0 1391 1626
0 832 2909
0 8 1482
0 1267 1965
1 271 1154
0 343 2641
0 2448 1998
0 54 2808
0 2156 1863
0 209 799
0 2686 1621
1 1336 412
0 1375 1282
0 1187 2295
1 1236 277
0 1195 351
0 2781 2286
0 2651 2145
1 973 2234
1 625 705
0 1680 2898
0 1210 678
0 1211 1866
0 882 1344
0 2309 1810
0 21 330
0 984 1725
0 1203 1137
1 537 1926
1 943 764
0 2746 1563
0 1560 908
0 765 2951
0 1264 2037
0 658 1811
0 1478 1230
0 1403 2006
1 2258 784
0 2877 836
0 1328 1502
1 2232 1891
0 26 340
0 292 1510
0 2825 2963
1 1806 1164
0 2524 2463
1 754 1970
0 870 2958
0 214 160
0 1019 2481
0 595 2834
0 912 1566
0 30 2006
1 1547 783
0 2587 775
0 226 2841
0 1079 518
1 1011 1364
0 722 311
0 947 2691
1 284 2227
0 2565 2945
1 2754 2983
0 2204 366
1 999 1428
0 2916 962
1 615 1134
1 2524 2463
1 1195 351
0 2232 518
0 658 1761
0 2991 13
0 2033 2872
1 779 1794
0 1492 1125
0 1570 432
0 948 715
1 1721 339
0 2268 2729
1 2156 2405
0 2225 22
0 1438 556
0 1832 523
0 780 2329
0 1304 16
0 2075 874
1 2256 1526
0 699 274
0 2568 766
0 2471 2777
1 1421 103
0 1261 310
0 345 511
0 1170 2015
1 1536 2629
0 438 2167
0 1624 986
1 1295 1797
0 2901 1614
0 2335 1900
0 1000 2130
0 2179 2141
0 2527 1149
0 2138 36
0 1608 438
0 287 669
0 389 2786
0 158 383
0 2180 2656
1 2432 2402
1 664 159
1 1169 708
1 1443 504
1 1509 260
1 1961 1987
1 1082 1379
0 1838 723
0 2153 2793
0 604 685
1 102 1109
1 1070 2317
0 2423 2824
0 1840 1234
0 1929 1972
1 948 2205
0 1176 2125
0 1448 2561
0 2277 2569
1 1145 32
0 336 474
0 969 2220
0 133 2989
0 2106 904
0 702 1788
0 2104 256
1 2153 2667
0 1424 2467
0 779 2075
1 2569 1989
0 337 1075
0 2944 2972
0 1673 40
0 1641 2366
0 168 2697
0 579 2318
0 86 2854
0 1247 2278
0 2762 1991
1 1913 277
0 19 2117
0 759 1262
0 2052 2306
1 214 160
1 2820 939
1 2605 1142
0 1237 1520
0 758 1954
0 2905 2961
0 2651 2311
0 1139 1137
0 1892 115
0 2016 1480
0 645 1842
0 2049 2889
0 2153 1984
0 239 1609
1 2663 2478
0 2190 1023
1 18 1238
0 326 2070
1 1352 248
0 1325 2435
0 47 498
1 2445 2
0 138 1632
1 1195 2494
0 2664 546
0 2270 2062
0 2590 1040
0 1074 2892
1 1552 1737
0 836 324
1 2105 677
1 1590 1552
1 426 2444
0 774 1891
0 507 2285
0 7 2971
0 2603 1038
0 842 18
0 1433 415
1 1571 1534
0 111 89
0 1679 1608
0 1305 670
0 350 256
0 2121 2158
1 1659 179
0 1100 261
1 534 2436
0 2375 1200
0 2557 37
0 2682 2430
0 228 384
0 2853 2323
0 1474 2429
0 1208 2618
1 416 651
0 208 449
0 219 1632
0 1686 733
1 1565 2337
1 810 1909
0 947 2019
0 1182 325
0 2662 2680
1 1730 802
0 529 2822
0 384 267
1 2801 1392
0 2612 2754
1 1210 678
0 500 2683
0 2030 495
1 2236 2289
0 151 2162
0 2609 471
1 1723 1659
0 1506 2908
0 1367 2926
1 1041 2026
1 1861 2737
0 1065 1900
0 2279 1284
0 571 769
0 698 354
0 1064 114
1 2351 1598
1 2978 1591
0 1867 2889
1 1710 2028
1 1647 422
1 1993 189
0 1461 477
1 695 2336
1 1530 1547
0 1371 1050
1 2280 412
0 1077 1420
0 624 1080
0 2012 416
0 2921 1098
0 1459 1550
0 2901 2597
0 544 367
1 2317 1033
1 1938 318
1 1338 1580
0 1650 1090
0 1098 2886
0 1082 2265
0 2870 164
1 1505 2271
0 362 2995
0 1974 1803
1 1134 2300
1 579 386
0 1691 2847
0 1755 1724
1 1629 1469
0 2134 2979
0 114 744
0 1677 2532
0 1179 1470
0 1631 377
0 371 2137
0 2173 505
0 981 163
0 2746 1202
0 1139 1671
0 2737 2334
1 2686 1621
0 2132 185
0 2213 2160
1 2270 2062
0 1216 50
0 924 2986
1 1074 2892
1 1462 1548
1 2197 2
0 1640 33
1 2906 1218
1 209 2741
0 2118 548
0 1145 1098
0 895 657
1 23 245
1 1354 2305
0 939 2003
0 758 519
0 1850 1091
1 1213 2660
0 1745 165
1 1436 1804
0 2360 567
1 2054 1166
1 1478 1230
0 25 2753
1 2980 1360
1 2999 2563
0 2894 1290
0 2938 1227
0 1509 608
0 1601 787
1 2024 2462
0 1165 2508
0 1469 1459
0 1691 2189
0 1981 881
0 1299 2370
0 2005 1179
1 1176 2327
0 12 2777
0 1531 2990
0 2789 2779
1 2519 1516
1 2240 1278
1 1395 362
0 111 188
1 2951 2716
0 1499 1595
0 2942 2967
0 771 860
0 1130 2246
0 1454 1370
1 122 473
0 1059 1761
1 1873 2276
0 1847 761
0 1101 1524
0 758 2239
0 2166 1038
0 2633 1974
0 2265 2967
0 1238 2443
1 1547 838
1 416 608
0 2662 1640
0 659 1386
0 848 2852
0 1641 629
0 2435 144
0 1671 1117
0 1555 1763
0 1847 1480
0 2373 1687
0 2093 2389
0 1167 2706
0 2290 2029
0 2504 2624
0 995 677
0 507 773
0 2123 1940
0 333 366
0 2764 2428
0 1087 2169
0 2361 1717
0 80 2820
0 2899 1709
1 2395 2034
0 2142 2200
1 2651 2290
0 1306 360
0 2343 2691
0 2964 1639
0 2493 1639
0 756 2701
0 588 1474
0 1979 2264
1 198 255
1 2671 2730
0 1340 958
1 1230 1644
1 32 139
0 1798 1838
1 2870 164
0 545 1827
0 404 1207
0 2263 2878
1 1306 360
1 336 474
0 2571 1672
0 2636 619
0 179 1341
1 1353 1924
0 307 1274
1 2590 1040
0 2768 360
1 193 2452
0 660 1398
0 1113 247
0 1204 2889
0 805 2439
0 2667 903
1 619 2822
0 218 2625
0 2204 1771
1 1438 556
0 1134 149
0 1176 233
0 2547 37
0 1052 2559
0 1719 1538
0 2699 932
1 1474 2429
1 2584 2984
0 2236 2951
0 1961 351
0 2551 2080
0 597 2091
1 2539 1061
0 2760 1455
1 395 1416
1 2415 451
0 2131 1324
0 402 2335
0 1742 2183
1 2780 1578
0 907 1520
1 2976 724
0 2355 2625
0 1805 1547
1 247 349
1 2423 2824
0 2328 50
0 537 2444
0 2931 2237
0 681 2836
0 1839 2923
1 369 607
1 2140 2005
0 1950 1235
0 1237 502
0 2353 320
0 1226 1212
0 1784 2979
0 2213 2203
1 1676 2917
0 767 2102
0 380 2444
0 2677 336
0 2556 2589
0 13 1495
0 2631 1695
0 1480 95
1 540 2926
0 536 757
0 1172 1654
0 1929 2917
0 965 1527
0 1590 640
1 1492 1125
0 829 2157
1 1487 2803
1 1590 640
0 2982 2360
0 2207 2214
1 1737 1228
0 1531 2030
1 607 1650
0 1058 491
1 2809 165
1 1367 20
1 876 1092
0 2411 282
1 658 1811
0 1218 2154
1 426 2973
0 2053 289
0 1181 2374
1 536 757
0 169 863
1 909 2514
1 2811 2304
0 1816 1724
1 117 2457
1 77 1037
0 1524 2731
1 156 1885
0 1930 2758
0 1969 491
0 2361 2986
0 657 2340
0 1845 2477
0 2803 1398
0 333 2984
0 1496 57
0 560 1721
0 2299 1303
0 1011 2313
0 402 493
0 1049 622
0 807 1230
1 371 2137
1 50 2293
0 1167 690
0 2087 668
0 43 1898
0 232 1070
1 1077 1420
0 1038 1116
0 701 2948
0 2990 716
0 126 2039
0 1156 260
0 721 2025
1 579 2318
0 114 260
0 700 1361
1 1812 2778
1 2733 461
0 524 1318
1 1069 24
0 1250 893
0 214 21
0 1995 85
1 1749 155
0 227 1969
0 56 2929
0 1674 1934
0 2366 1611
0 1407 1371
1 1180 746
0 1441 269
0 1872 1886
1 2107 2767
0 443 181
0 2921 260
1 118 463
0 2167 2500
1 1847 1480
0 1274 1993
0 1222 425
0 1744 1492
1 1058 491
0 2778 1136
0 2368 647
0 2536 86
0 1135 1773
1 2964 1639
1 1371 2027
0 2547 2685
0 1335 339
1 870 1833
0 2477 646
0 2045 1144
0 2188 351
1 2891 331
0 2014 2410
0 300 2422
1 1021 221
0 2729 736
0 2575 1383
0 254 1319
0 985 937
1 1724 2484
0 2984 381
1 1369 2082
1 625 526
1 519 532
1 917 2298
0 851 2776
0 543 140
1 343 2641
0 1081 1785
0 930 1095
0 2688 2047
1 1618 2095
0 1343 1494
0 2661 576
1 545 2286
0 2124 1373
0 2891 783
1 693 1277
0 984 53
1 1218 2154
0 886 2190
0 2583 2231
0 2814 351
0 2069 2276
1 1164 1092
0 12 1035
1 1770 942
0 1924 2143
0 1389 2933
1 1206 1926
0 2390 2742
1 461 1549
0 1387 2703
0 52 479
0 1691 236
1 598 1690
0 899 1264
1 2106 904
1 511 1527
0 119 2006
0 1949 537
1 226 2841
0 2624 874
1 1691 2847
1 1364 175
0 33 1164
0 1176 908
1 114 744
0 1059 2344
0 607 1212
0 1977 2061
0 1121 2789
0 1681 697
0 2813 1241
1 2519 2610
1 2705 1615
0 410 553
0 2821 1876
1 912 619
0 2913 2914
0 1210 2465
1 1165 2508
1 1442 2300
1 848 2852
0 2897 2056
1 1640 33
1 2852 1709
0 409 1005
0 1892 2204
0 2009 1948
0 1556 2857
0 1201 726
0 860 2853
0 2022 81
1 1156 2775
1 913 2851
0 223 2259
0 2667 1571
0 440 2120
0 859 250
0 477 1576
0 2800 2511
1 2636 619
0 1890 2310
1 2212 1269
0 1484 2581
1 1116 2061
0 2644 2906
0 1043 2986
1 1680 2898
0 721 2563
0 721 2188
1 2648 1844
0 806 1607
0 1971 881
0 133 2809
0 2566 1293
0 1106 1670
0 2509 1123
0 1729 923
1 2229 2516
0 642 2863
0 1417 1199
0 808 284
0 2719 2994
0 933 613
0 2072 2168
0 2216 1710
1 2578 406
0 1883 193
0 2097 998
0 2233 467
0 904 1224
0 2857 2114
0 2763 2128
0 1003 817
0 18 1823
0 2529 1450
0 881 1127
0 1598 720
0 1034 2477
0 2136 1421
0 2139 357
0 2928 1226
0 2946 2972
0 106 607
0 444 339
0 282 1697
0 2832 1456
1 1725 2077
0 2988 557
1 1042 761
1 42 2803
0 1048 1160
1 1691 236
1 1056 1361
0 2138 1721
0 1918 1328
0 1690 2839
0 209 889
1 1201 483
1 758 519
1 2049 2889
1 2116 1528
0 948 1685
0 2349 2847
0 709 2869
0 903 864
0 257 176
0 775 2510
1 2012 416
0 1325 1228
0 2580 967
0 1470 370
0 1983 605
0 2129 1847
0 532 2136
0 2267 793
0 2943 1463
0 14 450
0 1654 83
0 94 333
0 2582 1101
0 1889 614
0 1205 2222
0 1498 2366
1 1022 2468
1 175 1743
0 2324 705
0 1510 746
1 471 2736
0 2128 707
0 1287 1109
0 345 2484
1 1169 1450
0 2459 2538
0 549 2819
0 1978 1421
0 2569 1585
0 2979 469
0 2542 2537
0 579 1163
0 1871 2990
1 1408 2798
1 2762 1991
0 893 1699
0 61 2468
0 2626 694
1 2589 2572
0 2606 2394
1 2635 1874
1 1534 134
0 1044 109
0 1025 832
0 2484 1874
1 287 669
0 451 1162
1 205 1615
0 215 2318
0 359 297
0 2799 346
0 119 1670
0 1257 1952
1 1569 1934
0 977 1747
1 2988 2233
0 2775 298
1 773 1906
0 1682 2725
0 1612 167
0 182 2925
0 2626 2446
0 1413 787
1 1459 1550
0 1116 1678
0 1734 2305
1 2702 1531
0 2978 458
1 2135 771
1 1719 1538
1 2013 663
0 709 1818
0 1371 1758
0 998 2171
0 2618 1138
0 536 728
1 2129 1847
0 356 225
0 2101 2847
0 1140 2130
1 2605 1918
0 419 1283
1 1564 1754
0 1214 2232
0 2081 610
0 1052 252
0 2130 164
1 1321 1221
1 2095 1701
0 869 2028
0 1257 1126
0 1413 2491
0 469 386
0 2834 1184
1 510 2854
1 995 677
0 123 868
1 2715 1170
1 914 2746
0 2844 1067
1 208 449
1 2477 646
0 1599 2175
1 2904 195
0 1290 1494
0 2404 1428
1 411 1841
0 2687 1153
0 1733 2819
1 2925 1394
0 2657 319
0 365 544
0 2148 1912
1 2762 1435
1 752 2543
0 482 979
0 2237 1227
0 1934 1125
1 247 794
0 2086 1388
0 635 2407
0 61 42
0 1812 1900
1 2016 1480
0 1143 498
0 2575 2597
1 557 610
1 1488 2725
0 2679 680
0 1440 1858
0 2571 2965
0 1517 1607
0 1341 556
0 1230 492
0 683 1249
0 1331 1059
0 1996 1918
0 1923 2615
0 11 2839
1 1239 689
0 352 242
0 1303 1526
0 1110 1255
0 995 454
0 2796 16
0 1557 556
0 92 860
0 103 1134
0 2450 2648
0 816 1331
1 1850 1091
0 2256 1753
0 2230 1969
1 344 218
0 507 2555
0 1527 207
1 2781 1600
0 236 497
0 1170 758
1 1344 1393
0 2878 2560
0 1148 2377
0 699 267
0 537 2248
0 2527 1503
1 536 728
1 2314 961
0 189 125
0 2963 984
0 758 2426
1 2944 2972
1 1304 2631
1 410 553
0 1800 2444
0 2459 2859
0 1030 1962
0 385 1101
0 2751 777
0 995 2808
0 1118 42
0 613 2613
0 681 93
1 945 607
0 2463 511
0 1384 1317
0 2582 320
0 2169 344
1 1950 2181
1 331 1049
0 1783 2164
0 1120 1741
1 101 1513
0 2488 1941
0 646 2985
0 2532 2938
0 50 2057
0 2995 2428
0 731 2168
0 2746 1096
0 2077 2949
1 1325 2435
1 1324 1165
0 164 1445
1 2717 2974
0 2296 1837
0 2199 2023
0 1649 1414
0 1203 475
0 2820 965
1 643 1642
0 2666 2493
1 1676 76
0 2556 1195
1 1584 1352
0 2730 1072
1 635 1060
0 2254 1556
0 932 2753
0 1261 738
0 2121 390
0 364 2455
1 749 243
0 2185 2086
0 676 845
1 2688 2974
0 1314 270
1 1174 353
0 451 378
0 2108 585
0 1684 2297
0 1670 950
0 839 2920
1 242 2302
1 398 1527
0 1686 78
0 1525 2151
1 1103 846
1 2562 1894
1 2082 1971
0 757 2160
0 2172 2863
1 211 358
1 2213 2160
1 2213 1222
0 878 1264
0 422 700
0 2051 1344
0 1230 4
0 2936 1846
0 1891 171
0 1130 2615
0 806 2888
0 267 2093
1 507 1935
1 2931 2237
0 2170 1616
0 2006 756
0 713 2261
0 1675 1891
1 2730 1072
1 1362 1201
1 111 188
0 1283 1762
0 1348 469
0 1556 1005
0 2996 1462
0 1693 2662
0 2190 642
0 526 2056
0 2786 1806
0 1619 237
0 1839 2940
0 2192 1673
0 1212 160
0 1420 1547
1 1784 2979
0 2705 2334
0 1297 1760
0 1756 1356
1 404 1414
1 1383 95
0 283 1693
0 1119 2101
0 1799 2210
0 318 2932
0 845 1892
1 2796 16
0 2969 836
1 2778 1136
1 452 1972
0 36 1962
0 954 1849
0 1690 816
0 1735 284
0 1762 1660
0 625 2035
0 394 107
0 2261 2188
0 649 1810
0 2026 2488
1 972 2651
0 2801 1312
1 1165 772
0 955 832
1 805 404
0 2791 1220
0 2853 725
0 1334 717
0 1659 1449
0 130 708
1 42 2318
0 30 791
1 2993 2486
1 1106 1670
0 1677 2446
0 1640 487
0 2432 2655
0 1015 403
1 2734 334
0 2165 1654
1 1381 1276
0 491 363
0 2267 897
0 1783 1963
1 2853 2423
0 1044 121
0 2746 2212
0 1305 135
1 32 1653
0 1325 1850
0 1779 550
0 1182 838
1 2951 801
0 2720 2529
1 2513 1505
0 2015 2556
0 718 1682
1 2816 1068
0 1615 261
1 62 939
1 1463 2638
0 1782 2691
0 877 1039
0 12 923
0 547 207
0 2404 1384
0 510 449
0 472 956
0 2079 2489
0 1569 2302
0 1447 1283
0 2738 124
0 790 2668
1 466 541
1 2123 1940
0 1529 745
0 1860 1910
0 2084 839
0 2151 1302
0 531 457
0 1842 2743
0 690 365
0 1981 2795
0 711 2915
0 1268 2106
0 970 2159
0 1020 1268
0 810 2697
0 296 2627
0 1671 217
0 2840 132
1 1211 907
0 150 756
0 1606 1584
1 2047 2658
0 1013 2754
1 52 520
1 1167 2706
0 2707 1696
0 2457 1451
1 1363 2327
0 1033 766
0 511 537
0 7 1365
0 594 1139
0 899 1160
1 202 413
0 1054 1051
0 873 2790
0 211 2069
1 1598 720
0 1740 1744
0 1805 7
0 950 2141
0 2721 226
0 1213 1305
0 1356 1680
0 1448 1527
1 2666 2493
0 1449 1366
1 2721 1300
0 32 1439
1 1913 2263
0 592 1696
0 2516 1342
0 474 2642
1 1604 2592
0 1160 142
0 862 1699
0 1157 2085
0 1061 256
0 1760 1971
0 2595 1699
0 2987 369
1 1805 1547
0 2643 1073
0 1411 2431
1 7 1365
1 1793 2573
1 2811 2918
0 691 2578
0 48 2863
0 476 376
0 1199 389
0 1 1068
1 2097 2047
0 937 2929
0 2443 196
0 1707 2340
0 1427 1293
0 459 1839
0 122 2233
0 2754 1327
0 838 830
0 1822 1232
0 2772 2417
0 456 1626
0 811 90
1 1402 1823
0 940 753
0 1366 2406
0 487 591
1 515 2216
1 2789 2905
0 2815 1454
1 2073 2779
0 436 126
1 2199 2190
0 1820 1090
0 1932 2562
1 1870 1379
0 2411 922
0 957 384
0 2002 2301
1 2743 1357
1 1615 261
0 244 815
1 2821 1411
0 861 294
1 2217 2491
0 515 1447
1 1335 2954
0 1255 2870
0 640 2473
0 2860 101
0 1707 2085
1 1774 670
0 2344 2226
1 2086 853
1 1084 72
1 2187 1940
0 178 2083
0 1625 712
1 2685 1080
1 1735 284
0 670 1996
0 331 1615
0 2859 1015
0 1014 201
1 2142 2200
0 2274 2347
0 2916 403
0 1202 788
1 216 767
0 692 2760
0 1140 1300
0 2040 1536
0 2962 1328
1 2447 1836
1 950 1581
0 560 1129
0 1070 816
1 1881 1503
0 1294 2583
1 2810 55
